12 84 3 1 0 -3.8036 2.4593 4.7211 106767
  0.08709   0.10424   0.03344  -0.23282   0.12657  -0.05048  -0.15116  -0.14834   0.28637  -0.24623  -0.34298  -0.31603   0.26466  -0.16731  -0.34175  -0.28684   0.10174   0.05772  -0.01086  -0.08495  -0.30476  -0.41664   0.66278  -0.31597  -0.22053  -0.39132   0.50886  -0.21257   0.00958  -0.33510   0.34863  -0.20154  -0.40171  -0.33164   0.52219  -0.25199  -0.34365  -0.58229   0.57810  -0.49550  -0.15244  -0.41800   0.44391  -0.39393  -0.01491  -0.27283   0.32628  -0.39801  -0.26824  -0.22306   0.39766  -0.25258  -0.41074  -0.44975   0.52711  -0.18261  -0.23029  -0.47380   0.48970  -0.11847  -0.06360  -0.42888   0.45162  -0.35141  -0.59044  -0.43647   0.50767  -0.34698  -0.25741  -0.27336   0.47898  -0.16131  -0.18539  -0.41975   0.51497  -0.34713  -0.12339  -0.35468   0.38456  -0.18799  -0.38248  -0.37734   0.54455  -0.31058 
  0.22651  -0.09414  -0.19354  -0.20784  -0.32767  -0.45472   0.59541  -0.31556  -0.19802  -0.42271   0.49141  -0.24816  -0.04168  -0.34462   0.36581  -0.23466  -0.38144  -0.34076   0.50534  -0.28652  -2.57675  -5.02844   0.89438  -5.02844  -1.92060  -5.02844   0.78454  -5.02844  -2.98666  -5.02844   0.78414  -5.02844  -2.46322  -5.02844   0.74860  -5.02844  -2.51446  -5.02844   0.73420  -5.02844  -2.30051  -5.02844   0.68484  -5.02844  -2.98213  -5.02844   0.65705  -5.02844  -2.10570  -5.02844   0.64731  -5.02844  -2.91643  -5.02844   0.73320  -5.02844  -1.93707  -5.02844   0.77902  -5.02844  -2.97805  -5.02844   0.75572  -5.02844  -2.16324  -5.02844   0.65700  -5.02844  -2.29992  -5.02844   0.78039  -5.02844  -2.20306  -5.02844   0.75554  -5.02844  -3.63437  -5.02844   0.70128  -5.02844  -2.02782  -5.02844   0.74888  -5.02844 
 -0.22726  -0.42923   0.51988  -0.31440  -2.56935  -5.02844   0.80414  -5.02844  -2.02853  -5.02844   0.75280  -5.02844  -3.05827  -5.02844   0.72488  -5.02844  -2.21474  -5.02844   0.71683  -5.02844  -5.02844  -5.02844  -5.02844   0.55951  -5.02844  -5.02844  -5.02844  -5.02844  -5.02844  -1.72045  -5.02844   0.53561  -5.02844  -5.02844  -5.02844  -5.02844  -5.02844  -5.02844  -5.02844   0.59412  -5.02844  -5.02844  -5.02844  -5.02844  -5.02844  -1.79394  -5.02844   0.59491  -5.02844  -5.02844  -5.02844  -5.02844  -5.02844  -5.02844  -5.02844   0.60831  -5.02844  -5.02844  -5.02844  -5.02844  -5.02844  -1.31843  -5.02844   0.58868  -5.02844  -5.02844  -5.02844  -5.02844  -5.02844  -5.02844  -5.02844   0.49863  -5.02844  -5.02844  -5.02844  -5.02844  -5.02844  -1.68127  -5.02844   0.55548  -5.02844  -5.02844  -5.02844  -5.02844 
 -2.60630  -5.02844   0.75147  -5.02844  -5.02844  -5.02844  -5.02844   0.56193  -5.02844  -5.02844  -5.02844  -5.02844  -5.02844  -1.41085  -5.02844   0.56124  -5.02844  -5.02844  -5.02844  -5.02844  -5.02844  -5.02844  -5.02844  -5.02844  -5.02844  -5.02844  -5.02844  -5.02844  -5.02844  -5.02844  -5.02844  -5.02844   0.03663   0.11233  -0.10130  -0.03629  -5.02844  -5.02844  -5.02844  -5.02844  -5.02844  -5.02844  -5.02844  -5.02844  -5.02844  -5.02844  -5.02844  -5.02844  -5.02844  -5.02844  -5.02844  -5.02844  -5.02844  -5.02844  -5.02844  -5.02844   0.33617  -0.73352  -0.11519  -0.43947  -5.02844  -5.02844  -5.02844  -5.02844   0.40316  -1.04090   0.05258  -0.36990  -5.02844  -5.02844  -5.02844  -5.02844  -5.02844  -5.02844  -5.02844  -5.02844  -5.02844  -5.02844  -5.02844  -5.02844  -5.02844  -5.02844  -5.02844  -5.02844 
 -5.02844  -1.38555  -5.02844   0.48787  -5.02844  -5.02844  -5.02844  -5.02844   0.32007  -0.69151  -0.14167  -0.43360  -5.02844  -5.02844  -5.02844  -5.02844   0.46647  -1.07114   0.11210  -0.41803  -5.02844  -5.02844  -5.02844  -5.02844  -5.02844  -5.02844  -5.02844  -5.02844  -5.02844  -5.02844  -5.02844  -5.02844  -5.02844  -5.02844  -5.02844  -5.02844   0.29802  -0.54287  -0.55722  -0.30289   0.13405  -0.72585   0.16277  -0.17476   0.41081  -0.76719  -0.56026  -1.39938   0.48467  -0.22935  -0.48763  -0.33121  -5.02844  -5.02844  -5.02844  -5.02844  -5.02844  -5.02844  -5.02844  -5.02844  -5.02844  -5.02844  -5.02844  -5.02844  -5.02844  -5.02844  -5.02844  -5.02844   0.26721  -0.30480  -0.19950  -0.26235   0.31848  -0.44238  -0.31747  -0.32938   0.39980  -0.69788  -0.43879  -0.94904   0.41015  -0.30292  -0.10789  -0.12418 
  0.25185  -1.03138   0.14502  -0.30550   0.18188  -0.24261  -0.17806  -0.20013   0.30632  -0.43295  -0.30120  -0.32324   0.38940  -0.71419  -0.41536  -0.94284   0.32556  -0.29079  -0.14106  -0.08219  -0.54539  -0.47089   0.73417  -0.31923  -0.25155  -0.48069   0.53004  -0.20860  -0.35641  -0.60534   0.63817  -0.54751  -0.22495  -0.46001   0.49667  -0.23539  -0.89955  -0.96874   0.68325  -0.76032  -0.54087  -0.38440   0.52516  -0.28239  -0.58714  -0.39763   0.54242  -0.55277  -0.49179  -0.14426   0.47645  -0.54800  -0.95222  -1.12335   0.69150  -0.86595  -0.39118  -0.62883   0.57486  -0.17875  -0.72975  -0.92507   0.69263  -0.76914  -0.60854  -0.60756   0.53573  -0.41273  -0.80853  -0.90537   0.72299  -0.79957  -0.55941  -0.89248   0.66020  -0.55850  -0.54644  -0.90750   0.61430  -0.65197  -0.36616  -0.64459   0.59586  -0.40131 
  0.30944  -0.37229  -0.24182  -0.29127  -0.64276  -0.68244   0.69836  -0.48141  -0.31696  -0.57345   0.54386  -0.23789  -0.44231  -0.69217   0.60825  -0.58556  -0.25784  -0.54042   0.50831  -0.28399  -0.13109  -0.01079  -0.22489   0.21385  -0.03517  -0.13216  -0.18033   0.15396  -0.32005  -0.28843  -0.46014   0.36658   0.01122  -0.20923  -0.36343   0.14041  -0.18545  -0.11592   0.10921   0.17103  -0.15226  -0.05793  -0.15945   0.25013  -0.37413  -0.44352  -0.05413   0.37013  -0.08821  -0.34308   0.10721   0.11146  -0.08796  -0.11043   0.03667   0.13996  -0.13504  -0.07879   0.09821   0.10876  -0.32852  -0.28020  -0.28362   0.39241  -0.23744  -0.28307  -0.12331   0.21151  -0.08321  -0.01848  -0.00781   0.08674   0.01390  -0.17997   0.03609   0.05631  -0.27054  -0.29498  -0.35574   0.36104   0.02447  -0.20817  -0.13012   0.09403 
 -0.48259  -0.67695   0.62179  -0.44758  -0.11306  -0.04879  -0.09907   0.18331  -0.04018  -0.14012  -0.09317   0.14911  -0.31391  -0.29107  -0.40944   0.38401   0.00839  -0.24176  -0.19433   0.13087   0.00206  -0.01104  -0.26103   0.08381   0.05148  -0.16381  -0.31568   0.11826  -0.06148  -0.10296  -0.17643   0.17288   0.08727  -0.14897  -0.38189   0.09554  -0.03581  -0.04621  -0.12009   0.13479  -0.04444  -0.06166  -0.02624   0.10923  -0.01246  -0.13819  -0.19252   0.18773   0.07825  -0.23785  -0.21872   0.15332  -0.01909  -0.14233  -0.14462   0.15959   0.00727  -0.22541  -0.12605   0.15109   0.03792  -0.22558   0.07758   0.02717  -0.15323  -0.31403  -0.19463   0.21383   0.04054  -0.10970  -0.14363   0.06556   0.07296  -0.11735  -0.08799   0.02339   0.01633  -0.12049  -0.15458   0.12252   0.11868  -0.25065  -0.14139   0.07348 
 -0.21769  -0.23436  -0.30832   0.27924  -0.00529  -0.12445  -0.11519   0.10985   0.00983  -0.16916  -0.15377   0.13659   0.02558  -0.16062  -0.02239   0.06815  -0.04769  -0.31780  -0.15454   0.15343  -0.03804  -0.07413  -0.19253   0.14063   0.04047  -0.16608  -0.28308   0.12309   0.03433  -0.06734  -0.20901   0.08281   0.02910  -0.22953  -0.47915   0.15008  -0.05290  -0.04574  -0.09874   0.14299  -0.00811  -0.05906  -0.20266   0.15420   0.00529  -0.10705  -0.00485   0.05904   0.03173  -0.23634  -0.21056   0.17283   0.01981  -0.28821  -0.09553   0.12652  -0.07089  -0.28061  -0.06081   0.20203   0.10594  -0.30383   0.01500  -0.00359  -0.10064  -0.35794  -0.26289   0.21956  -0.02017  -0.09315  -0.00113   0.06299   0.07317  -0.29751  -0.07233   0.08340   0.05177  -0.17369  -0.03069   0.04456  -0.00961  -0.30242  -0.08334   0.11014 
 -0.09659  -0.23428  -0.11998   0.19336  -0.04727  -0.07862  -0.06747   0.12398   0.03958  -0.22974  -0.12520   0.11728   0.04736  -0.16621  -0.03612   0.05163  -0.04798  -0.28225  -0.15963   0.14889  -0.04643  -0.06272  -0.14426   0.13548   0.01729  -0.12393  -0.24998   0.12441   0.03858  -0.08777  -0.07766   0.04114  -0.02413  -0.22029  -0.27341   0.14272  -0.00019  -0.06780  -0.12781   0.10816  -0.04665   0.05369  -0.23435   0.14660   0.05251  -0.15688  -0.01629   0.02819   0.05986  -0.20732  -0.16731   0.13839   0.00838  -0.12659  -0.13324   0.11583  -0.00684  -0.16069  -0.12427   0.14089   0.03928  -0.15033   0.00285   0.04075  -0.12287  -0.23537  -0.14481   0.18015  -0.02185  -0.10146  -0.14046   0.11770   0.05425  -0.15510  -0.20909   0.10649   0.06315  -0.16125  -0.01572   0.01491  -0.01817  -0.23968  -0.22917   0.13123 
 -0.06499  -0.20083  -0.10671   0.16490  -0.03345  -0.07935  -0.13321   0.13213   0.02208  -0.12097  -0.21525   0.12654   0.05019  -0.14024  -0.02543   0.03020  -0.05027  -0.23071  -0.23519   0.15579  -0.03236  -0.01978  -0.12669   0.10005   0.00149  -0.14450  -0.18863   0.13015   0.06231  -0.03522  -0.09127  -0.01327   0.00145  -0.14540  -0.24675   0.11314  -0.01142  -0.09439  -0.07974   0.11161  -0.05390   0.05532  -0.11709   0.10410   0.04654  -0.09789  -0.01830   0.00911   0.07137  -0.19288  -0.12652   0.11330   0.03021  -0.14045  -0.11279   0.07930   0.01872  -0.11939  -0.12715   0.10283   0.04798  -0.11839   0.07202  -0.04397  -0.11471  -0.18973  -0.13415   0.16567   0.00367  -0.10548  -0.10288   0.08592   0.05739  -0.15638  -0.15052   0.08471   0.10542  -0.12670  -0.06031  -0.03667   0.03661  -0.18976  -0.15626   0.09219 
 -0.05248  -0.15918  -0.16435   0.16292  -0.01539  -0.07359  -0.10634   0.10125   0.02032  -0.11453  -0.15533   0.10736   0.07621  -0.09485  -0.03643  -0.02501  -0.00730  -0.17957  -0.18121   0.12030  -0.02099  -0.03328  -0.04234   0.06369   0.02464  -0.15452  -0.20030   0.11530   0.03424  -0.08334  -0.07029   0.04101   0.02939  -0.14162  -0.20338   0.09133   0.00162  -0.12156   0.00741   0.05950  -0.02137  -0.04503  -0.06602   0.09951   0.03749  -0.05574  -0.00965  -0.00914   0.06831  -0.20887  -0.08383   0.10297   0.06280  -0.13576  -0.09230   0.00945   0.00502  -0.14555  -0.08459   0.11154   0.04768  -0.14825   0.11092  -0.06058  -0.07362  -0.19373  -0.10248   0.14252   0.00757  -0.11104  -0.02605   0.05488   0.07017  -0.17685  -0.08849   0.05343   0.08134  -0.13581  -0.02745  -0.01545   0.05706  -0.18719  -0.06128   0.06108 
