20 84 19 1 0 -4.8035 2.7391 4.6805 106027
  0.11488  -0.08139  -0.31179   0.03023   0.12517  -0.13672  -0.42678  -0.00238   0.12471  -0.10494  -0.36518   0.03602   0.11646  -0.10329  -0.39106   0.06457   0.22991  -0.09485  -0.27286  -0.01046   0.07259  -0.08938  -0.40923   0.02798   0.10002  -0.07422  -0.29608   0.02306   0.07329  -0.11602  -0.33684   0.09159   0.19209  -0.12683  -0.25461  -0.00365   0.19106  -0.19499  -0.48402  -0.05258   0.14387  -0.04901  -0.40052  -0.00187   0.18373  -0.23926  -0.42936   0.04785   0.33267  -0.17413  -0.23114  -0.10206   0.14473  -0.19533  -0.35473  -0.03152   0.17741  -0.18018  -0.43837   0.00957   0.17382  -0.24257  -0.28365  -0.00966   0.25223  -0.25360  -0.27151   0.00194   0.23960  -0.26457  -0.45251  -0.10275   0.22274  -0.23283  -0.35602  -0.08169   0.20371  -0.19824  -0.43531  -0.02030   0.34006  -0.10364  -0.28290  -0.06518 
  0.15260  -0.12117  -0.35687   0.00865   0.13564  -0.16015  -0.44550  -0.01113   0.16658  -0.14499  -0.35226  -0.01792   0.15760  -0.18379  -0.39029   0.03528   0.27547  -0.13456  -0.27177  -0.03631   0.04787  -0.04942  -0.42793   0.05917   0.10082  -0.02620  -0.25010  -0.01578   0.05152  -0.07959  -0.46497   0.12323   0.16503  -0.09033  -0.26664   0.00939   0.17691  -0.20092  -0.48810  -0.01316   0.13764   0.00144  -0.39806  -0.02466   0.16414  -0.17134  -0.37225   0.03962   0.34316  -0.18296  -0.30344  -0.08248   0.13806  -0.16741  -0.37553  -0.01821   0.22115  -0.21923  -0.45575  -0.05243   0.15272  -0.15830  -0.46573   0.04204   0.26872  -0.20094  -0.32676  -0.01506   0.22816  -0.24460  -0.51124  -0.07185   0.23890  -0.19779  -0.36449  -0.13929   0.21329  -0.20263  -0.49463  -0.02317   0.34130  -0.11079  -0.28912  -0.06209 
  0.18377  -0.16326  -0.36726  -0.01842   0.11663  -0.13118  -0.47493   0.02185   0.17309  -0.10492  -0.33382  -0.05811   0.14933  -0.15338  -0.46198   0.05289   0.26615  -0.12457  -0.29684  -0.02483   0.02823  -0.02853  -0.38075   0.07472   0.06446  -0.00014  -0.28919   0.03126  -0.00708  -0.06949  -0.35757   0.15669   0.11162  -0.07618  -0.26503   0.04181   0.13973  -0.18792  -0.45451   0.05183   0.05401   0.08202  -0.36443   0.05190   0.08160  -0.13481  -0.27221   0.11614   0.21718  -0.13481  -0.24469   0.02818   0.12926  -0.13779  -0.36364  -0.01255   0.15950  -0.10343  -0.43372  -0.00055   0.10718  -0.26441  -0.26447   0.10922   0.22136  -0.26412  -0.30898   0.04578   0.17809  -0.21196  -0.41416  -0.00766   0.18503  -0.12593  -0.35210  -0.05563   0.14194  -0.19899  -0.40075   0.07740   0.24275  -0.09667  -0.29669   0.00624 
  0.17540  -0.14363  -0.39864  -0.00587   0.08681  -0.10645  -0.42352   0.05560   0.11716  -0.04590  -0.33847   0.00942   0.07858  -0.14674  -0.35544   0.12341   0.18388  -0.11253  -0.29157   0.03392  -0.00044   0.00061  -0.34429   0.09827   0.00321   0.02250  -0.21042   0.06695  -0.06488  -0.05344  -0.34898   0.19264   0.06459  -0.05374  -0.21218   0.05098   0.10972  -0.18350  -0.37901   0.08450   0.00986   0.11051  -0.32972   0.07925   0.07148  -0.12217  -0.32753   0.14153   0.12646  -0.08944  -0.18213   0.05866   0.10130  -0.11375  -0.32438   0.02709   0.05622  -0.07130  -0.25340   0.07971   0.02299  -0.10610  -0.27517   0.15264   0.09446  -0.18931  -0.21040   0.09525   0.12486  -0.18470  -0.37159   0.05248   0.06568  -0.02826  -0.20414   0.03236   0.06497  -0.15466  -0.35286   0.14477   0.12879  -0.07352  -0.22351   0.04170 
  0.12562  -0.11803  -0.36763   0.04477   0.05190  -0.07976  -0.38155   0.09056   0.03248   0.00436  -0.23487   0.06295   0.01557  -0.10920  -0.34461   0.17169   0.10036  -0.08296  -0.22559   0.05811  -0.01295  -0.03281  -0.32918   0.12389   0.01088  -0.01429  -0.26494   0.09146  -0.08018  -0.08474  -0.39722   0.22057   0.04730  -0.07149  -0.19389   0.06154   0.08220  -0.15680  -0.34438   0.10804   0.00395   0.11093  -0.28508   0.07105   0.04894  -0.12568  -0.31668   0.16473   0.09779  -0.08740  -0.17997   0.07633   0.06399  -0.19686  -0.24192   0.09583   0.00319  -0.04982  -0.32195   0.13642   0.01112  -0.24917  -0.13595   0.17665   0.04889  -0.18641  -0.20620   0.11886   0.08026  -0.20867  -0.39177   0.11351   0.02689  -0.01317  -0.18759   0.06358   0.02305  -0.16862  -0.37139   0.19185   0.08241  -0.05284  -0.18992   0.04619 
  0.06013  -0.07984  -0.29775   0.08492   0.02828  -0.10805  -0.36186   0.12733   0.01698   0.00016  -0.24198   0.08436  -0.00649  -0.14507  -0.34449   0.20232   0.06581  -0.07756  -0.20287   0.06781  -0.00684  -0.07266  -0.30972   0.12598   0.01522  -0.04754  -0.23384   0.09417  -0.05619  -0.14358  -0.31734   0.21131   0.03260  -0.07569  -0.18099   0.06722   0.10395  -0.20941  -0.38788   0.10466   0.02720   0.10118  -0.31464   0.05866   0.06445  -0.16805  -0.34499   0.17037   0.10628  -0.07992  -0.18020   0.06734   0.06286  -0.18333  -0.25737   0.09894   0.03377  -0.07794  -0.25258   0.10610   0.01313  -0.14309  -0.24196   0.16956   0.04591  -0.20621  -0.23507   0.13247   0.09025  -0.19614  -0.37589   0.09712   0.04766  -0.02122  -0.18695   0.04437   0.04521  -0.16994  -0.34646   0.16748   0.09303  -0.01031  -0.15837   0.01880 
  0.02260  -0.08318  -0.27082   0.11289   0.03755  -0.13674  -0.35039   0.12256   0.03403  -0.01217  -0.22857   0.06856   0.01741  -0.16657  -0.32448   0.18490   0.06335  -0.05578  -0.18545   0.05713  -0.00287  -0.03683  -0.35218   0.11632   0.00727  -0.02994  -0.30123   0.10977  -0.00734  -0.08560  -0.45030   0.17706   0.05863  -0.07014  -0.27731   0.07282   0.11608  -0.15217  -0.43863   0.07606   0.03835   0.12657  -0.36886   0.04013   0.08773  -0.15151  -0.37487   0.14614   0.08829  -0.03175  -0.23361   0.07359   0.05806  -0.19625  -0.33501   0.13249   0.02268  -0.05680  -0.33424   0.12488   0.04633  -0.20475  -0.23835   0.15694   0.02367  -0.17381  -0.30660   0.15209   0.09562  -0.16371  -0.45874   0.09522   0.02897   0.03662  -0.27351   0.05792   0.05226  -0.14788  -0.35560   0.15589   0.08709   0.01932  -0.22969   0.02577 
  0.02327  -0.08109  -0.24878   0.10644   0.04250  -0.10360  -0.40643   0.11602   0.02491   0.02937  -0.30085   0.07541   0.04033  -0.14417  -0.35779   0.16358   0.06243  -0.02701  -0.26078   0.06506   0.01692  -0.01888  -0.38717   0.08864   0.06577  -0.04097  -0.31915   0.05729  -0.01052  -0.06932  -0.42871   0.17064   0.12286  -0.08816  -0.29942   0.04517   0.14431  -0.12835  -0.56211   0.03968   0.09660   0.10296  -0.39394  -0.02869   0.13131  -0.14863  -0.39799   0.09265   0.13882  -0.02783  -0.21361   0.02873   0.08765  -0.14619  -0.41601   0.09034   0.09575  -0.08676  -0.34090   0.06264   0.06944  -0.15414  -0.27230   0.11936   0.08910  -0.19498  -0.27168   0.11595   0.11878  -0.14668  -0.57705   0.07898   0.09916  -0.01411  -0.31806   0.01441   0.11118  -0.15833  -0.39550   0.10317   0.12430  -0.03340  -0.24382   0.03393 
  0.02749  -0.05004  -0.31603   0.10655   0.06612  -0.08333  -0.48142   0.08884   0.09023  -0.00526  -0.33285   0.02364   0.07988  -0.13853  -0.38312   0.12499   0.11346  -0.06026  -0.26612   0.05269   0.01565  -0.04732  -0.47129   0.11205   0.12720  -0.17524  -0.34494   0.03748   0.01880  -0.11672  -0.39456   0.15794   0.13851  -0.23232  -0.30157   0.07142   0.16835  -0.26540  -0.68461   0.06418   0.15396  -0.11428  -0.31062  -0.01751   0.17311  -0.28193  -0.37602   0.06550   0.19712  -0.17634  -0.27314   0.07231   0.10140  -0.23415  -0.40829   0.09014   0.14111  -0.15009  -0.29568   0.02001   0.10470  -0.21596  -0.33010   0.11281   0.12273  -0.25710  -0.25191   0.10439   0.12132  -0.24130  -0.60770   0.10614   0.13626  -0.11908  -0.26766   0.00260   0.16060  -0.24368  -0.37633   0.05835   0.16218  -0.13710  -0.23358   0.04830 
  0.06757  -0.06451  -0.34371   0.08187   0.07290  -0.15127  -0.54880   0.11106   0.13864  -0.13864  -0.29525   0.01107   0.12601  -0.22154  -0.36601   0.09197   0.14469  -0.17512  -0.26978   0.07132   0.04417  -0.20740  -0.44477   0.11408   0.15181  -0.39907  -0.30423   0.05357   0.02118  -0.24771  -0.45984   0.20254   0.19643  -0.40985  -0.28416   0.05876   0.16272  -0.40573  -0.72979   0.11537   0.15958  -0.26442  -0.38600   0.06349   0.15722  -0.43113  -0.41659   0.13842   0.23067  -0.32257  -0.34016   0.10782   0.11802  -0.36457  -0.43789   0.09643   0.13310  -0.34760  -0.23353   0.08572   0.07772  -0.29745  -0.27005   0.15900   0.17771  -0.34712  -0.25568   0.08457   0.14675  -0.36415  -0.74948   0.11514   0.15334  -0.24420  -0.30423   0.03992   0.12038  -0.37690  -0.40144   0.15152   0.18935  -0.31169  -0.26042   0.07968 
  0.09847  -0.16936  -0.36163   0.09093   0.09281  -0.29502  -0.57848   0.12250   0.15380  -0.30489  -0.31433   0.05412   0.10011  -0.35256  -0.39175   0.16449   0.18880  -0.34579  -0.29031   0.08619  -0.11461  -0.18057  -0.49129   0.27127   0.01711  -0.39682  -0.28107   0.19218  -0.32102  -0.21610  -0.48766   0.35754  -0.02697  -0.45265  -0.34717   0.18457  -0.01412  -0.45381  -0.62100   0.30905   0.02739  -0.28832  -0.16605   0.17959  -0.12892  -0.36064  -0.41997   0.35926   0.08597  -0.32434  -0.22404   0.17172  -0.02242  -0.39631  -0.39732   0.27246   0.04781  -0.41254  -0.29720   0.20139  -0.19894  -0.36293  -0.31502   0.36838  -0.01651  -0.45619  -0.25994   0.20274   0.02314  -0.39832  -0.75585   0.23025   0.03577  -0.23403  -0.23206   0.15582  -0.07064  -0.30777  -0.47697   0.30009   0.04936  -0.26811  -0.27766   0.12583 
  0.11923  -0.32982  -0.39084   0.11457  -0.06032  -0.29255  -0.58553   0.27630   0.02919  -0.31188  -0.24562   0.18207  -0.14171  -0.30223  -0.44677   0.33208   0.01122  -0.34265  -0.30586   0.16709  -0.68417  -0.52180  -0.86748   0.48722  -0.63957  -0.81985  -0.65647   0.44868  -0.84479  -0.46812  -0.81632   0.47135  -0.76361  -0.95460  -0.89964   0.33804  -0.54169  -0.58463  -1.22519   0.51448  -0.41001  -0.40242  -0.51633   0.46321  -0.70926  -0.62496  -0.82485   0.52904  -0.48150  -0.62324  -0.71154   0.38961  -0.52252  -0.62011  -0.73987   0.51353  -0.65726  -0.68266  -0.56904   0.46148  -0.76489  -0.66516  -0.75094   0.52846  -0.66691  -0.89559  -0.92451   0.38139  -0.58790  -0.68225  -1.26392   0.43622  -0.52777  -0.46431  -0.61392   0.43689  -0.69953  -0.55978  -0.90319   0.48999  -0.61453  -0.67084  -0.84704   0.28532 
 -0.04809  -0.32667  -0.40132   0.23705  -0.63305  -0.58380  -1.01319   0.49041  -0.56439  -0.58014  -0.62153   0.45421  -0.74167  -0.55559  -0.85498   0.49779  -0.67216  -0.77413  -0.87708   0.33186  -1.08065  -0.66241  -1.62634   0.52773  -1.07182  -0.96333  -1.24987   0.49015  -1.21822  -0.80251  -1.18506   0.50928  -1.63718  -1.32123  -1.74128   0.36729  -0.65258  -0.63002  -0.89005   0.52320  -0.51038  -0.41606  -0.87958   0.50177  -0.77221  -0.67426  -1.43727   0.54819  -1.40414  -1.01307  -1.74693   0.45350  -0.61981  -0.63975  -1.09720   0.53783  -1.03848  -0.91016  -1.03216   0.50589  -0.73739  -0.43209  -1.05921   0.51824  -1.65727  -1.19778  -1.56803   0.41630  -0.98944  -0.80579  -1.70826   0.46917  -0.76502  -0.55073  -1.22393   0.48222  -0.97925  -0.59644  -1.27145   0.51498  -1.36065  -1.03643  -1.52133   0.32083 
 -0.70329  -0.67876  -0.86908   0.43306  -0.94295  -0.69882  -1.38286   0.52371  -0.81589  -0.64717  -1.15091   0.49428  -0.95402  -0.62965  -1.24805   0.52166  -1.48188  -1.10207  -1.61042   0.36582  -0.02705  -0.05703  -0.29340   0.14239  -0.10974  -0.17464  -0.37496   0.24627  -0.01726   0.03051   0.04393  -0.02708  -0.75627  -0.63187  -0.90083   0.32765   0.02721  -0.35378   0.02528   0.09144  -0.10899  -0.04269  -0.17793   0.22318   0.02213   0.14029  -1.03295   0.16123  -0.33287  -0.37228  -0.42918   0.32794  -0.12473  -0.02177  -0.08611   0.20374  -0.07071  -0.22221  -0.42340   0.25988   0.05093   0.03085  -0.19835   0.00675  -0.73641  -0.75998  -0.85276   0.37862   0.04085  -0.22567  -0.47921   0.16536  -0.15595  -0.08972  -0.41992   0.26926  -0.10975  -0.04657  -0.31492   0.23361  -0.26490  -0.04310  -0.32488   0.14670 
 -1.44292  -0.99674  -1.52839   0.47569  -0.02628  -0.15602  -0.24529   0.17648  -0.14618  -0.09359  -0.38327   0.26456  -0.08615  -0.02824  -0.28766   0.20674  -0.36896  -0.06858  -0.38347   0.20505  -0.45562   0.66041  -1.31541  -0.09863  -0.75792   0.57147  -0.47908  -0.13185  -0.09993   0.46366  -0.25709  -0.60110  -0.83156   0.60613  -0.91550  -0.23088  -0.70771   0.66440  -1.46199  -0.31639  -0.91185   0.56911  -0.87214   0.03458  -0.60363   0.61574  -0.70450  -0.26497  -0.95358   0.53845  -1.30833  -0.27631  -0.44041   0.67699  -0.86860  -0.18083  -0.73970   0.50920  -0.36541  -0.17423  -0.21231   0.47018  -0.37444  -0.44040  -0.56826   0.59860  -1.03070  -0.24532  -0.71725   0.64137  -2.11149  -0.26273  -1.13413   0.65028  -1.97748  -0.45734  -0.77555   0.64806  -1.57430  -0.32516  -0.73942   0.62104  -1.65820  -0.51542 
 -0.54666  -0.03533  -0.34849   0.31419  -0.76072   0.70101  -1.86052  -0.20016  -1.13024   0.66048  -1.76009  -0.43487  -0.75344   0.62890  -1.40065  -0.32086  -0.82434   0.63141  -1.65973  -0.46753   0.33428  -5.02542  -5.02542  -5.02542   0.44956  -5.02542  -5.02542  -5.02542   0.45010  -5.02542  -5.02542  -5.02542   0.64383  -5.02542  -5.02542  -5.02542   0.40991  -5.02542  -5.02542  -5.02542   0.43508  -5.02542  -5.02542  -5.02542   0.45705  -5.02542  -5.02542  -5.02542   0.68248  -5.02542  -5.02542  -5.02542   0.36576  -5.02542  -5.02542  -5.02542   0.47336  -5.02542  -5.02542  -5.02542   0.44090  -5.02542  -5.02542  -5.02542   0.64303  -5.02542  -5.02542  -5.02542   0.46370  -5.02542  -5.02542  -5.02542   0.46723  -5.02542  -5.02542  -5.02542   0.46528  -5.02542  -5.02542  -5.02542   0.79223  -5.02542  -5.02542  -5.02542 
 -0.95981   0.66616  -1.63693  -0.36766   0.37751  -5.02542  -5.02542  -5.02542   0.45725  -5.02542  -5.02542  -5.02542   0.45480  -5.02542  -5.02542  -5.02542   0.70654  -5.02542  -5.02542  -5.02542  -5.02542  -1.62142   0.89352  -5.02542  -5.02542  -5.02542  -5.02542  -5.02542  -5.02542  -5.02542  -5.02542  -5.02542  -5.02542  -5.02542  -5.02542  -5.02542  -5.02542  -3.09174   0.73465  -5.02542  -5.02542  -5.02542  -5.02542  -5.02542  -5.02542  -5.02542  -5.02542  -5.02542  -5.02542  -5.02542  -5.02542  -5.02542  -5.02542  -0.73515   0.72225  -5.02542  -5.02542  -5.02542  -5.02542  -5.02542  -5.02542  -5.02542  -5.02542  -5.02542  -5.02542  -5.02542  -5.02542  -5.02542  -5.02542  -2.29115   0.78075  -5.02542  -5.02542  -5.02542  -5.02542  -5.02542  -5.02542  -5.02542  -5.02542  -5.02542  -5.02542  -5.02542  -5.02542  -5.02542 
  0.49107  -5.02542  -5.02542  -5.02542  -5.02542  -2.51812   0.80443  -5.02542  -5.02542  -5.02542  -5.02542  -5.02542  -5.02542  -5.02542  -5.02542  -5.02542  -5.02542  -5.02542  -5.02542  -5.02542  -5.02542  -5.02542  -5.02542  -5.02542   0.06935  -0.08350   0.00825  -0.05096   0.09351  -0.10938   0.23435  -0.34903  -5.02542  -5.02542  -5.02542  -5.02542  -5.02542  -5.02542  -5.02542  -5.02542  -5.02542  -5.02542  -5.02542  -5.02542  -5.02542  -5.02542  -5.02542  -5.02542  -5.02542  -5.02542  -5.02542  -5.02542  -5.02542  -5.02542  -5.02542  -5.02542  -5.02542  -5.02542  -5.02542  -5.02542  -5.02542  -5.02542  -5.02542  -5.02542  -5.02542  -5.02542  -5.02542  -5.02542  -5.02542  -5.02542  -5.02542  -5.02542  -5.02542  -5.02542  -5.02542  -5.02542  -5.02542  -5.02542  -5.02542  -5.02542  -5.02542  -5.02542  -5.02542  -5.02542 
 -5.02542  -2.59132   0.75162  -5.02542  -5.02542  -5.02542  -5.02542  -5.02542   0.07705  -0.11325  -0.02392  -0.02318   0.09821  -0.10349   0.17507  -0.32179  -5.02542  -5.02542  -5.02542  -5.02542  -5.02542  -5.02542  -5.02542  -5.02542  -5.02542  -5.02542  -5.02542  -5.02542  -5.02542  -5.02542  -5.02542  -5.02542  -5.02542  -5.02542  -5.02542  -5.02542  -0.41399  -0.53671   0.21183   0.29309   0.06710  -0.09384  -5.02542   0.23541   0.15602  -5.02542  -5.02542   0.29512  -0.43146  -0.16984  -0.16489   0.25780  -0.11254   0.07694  -0.11493   0.16576  -0.06361  -0.01831  -0.07023   0.10495  -0.05306  -0.02029  -0.16200   0.15052  -0.08082   0.01218   0.06818  -0.00443  -5.02542  -5.02542  -5.02542  -5.02542  -5.02542  -5.02542  -5.02542  -5.02542  -5.02542  -5.02542  -5.02542  -5.02542  -5.02542  -5.02542  -5.02542  -5.02542 
  0.13447  -0.07784   0.20180  -0.39495  -0.10089   0.04159  -0.04352   0.11946  -0.07962   0.02365  -0.09691   0.11086  -0.03909   0.02114  -0.19299   0.12197  -0.01755  -0.02257   0.12768  -0.05279  -0.07820   0.18107   0.07186  -0.02560  -0.00285   0.04303   0.04745  -0.05297   0.02002   0.11733  -0.14594  -0.04567  -0.05295   0.12649   0.12095  -0.10354   0.05861   0.10962  -0.30667  -0.02157   0.05429  -0.01022   0.03491  -0.12430  -0.03260   0.10510  -0.08051   0.02330  -0.05038   0.14412  -0.02126  -0.07823  -0.01379   0.08498  -0.01865  -0.01545  -0.01336  -0.01743   0.03304   0.00787   0.09624  -0.06242  -0.35589   0.05723   0.02889   0.06971   0.00712  -0.06244  -0.15851   0.27081  -0.38865   0.06695  -0.00748   0.04089   0.00669  -0.02503  -0.05386   0.06232   0.04534  -0.01581   0.00108   0.18945   0.06237  -0.15086 
