IntronPotTab 1 1024 2967117.5 
  2.1852744e-03
 -2.6870193e-02
 -9.8699573e-03
  1.6142681e-02
 -7.0845280e-03
  2.1841856e-02
 -7.8405745e-02
  5.3929561e-03
 -2.1650059e-02
 -2.6862458e-03
 -6.7476844e-03
  3.6718845e-02
 -1.3787082e-02
 -2.0964332e-02
  1.1052597e-02
  1.7377671e-02
 -1.3658547e-02
 -4.1288126e-02
  1.2071268e-02
  3.0975791e-02
 -1.4040523e-02
  4.1335745e-04
  5.9085819e-03
  1.3102576e-02
  9.7700031e-03
  8.9962920e-03
 -1.1726405e-01
  7.1555354e-02
 -3.9351553e-02
 -4.3647229e-03
  8.3593065e-03
  2.5102077e-02
 -1.7675499e-02
 -1.1616763e-02
  1.3416421e-02
  2.5174195e-02
 -1.5224908e-02
  1.5769543e-03
  7.9766773e-03
  1.7340312e-02
 -1.7204121e-02
 -2.6141810e-03
  1.1214931e-02
  1.8890796e-02
  4.5310725e-03
 -3.0369312e-02
  3.0888857e-03
  1.2764727e-02
 -1.7541710e-02
 -1.3175992e-03
  3.1317070e-02
  3.4751254e-03
 -1.4757521e-02
  8.8176532e-03
  1.3965129e-02
  6.5900162e-03
 -3.1496272e-03
 -8.9630829e-03
 -1.3640890e-02
  1.9510254e-02
 -1.5154378e-02
 -2.8102316e-02
  1.3747495e-02
  1.7633414e-02
 -7.7927322e-03
 -8.9676809e-03
  1.5804643e-02
  6.6986163e-03
 -6.6070226e-03
  1.7967399e-02
  1.3494922e-02
 -5.3456007e-03
 -5.0582808e-02
 -1.3915842e-02
  3.5417397e-02
  4.5267619e-02
 -1.4885953e-02
 -2.0435076e-02
  7.3208343e-03
  1.6292553e-02
 -4.2484138e-02
  4.8772831e-04
  1.2247114e-02
  2.5395164e-02
 -1.0360079e-02
 -2.8375508e-03
  2.6633082e-02
  9.5218420e-03
 -2.8120985e-02
 -1.3566104e-02
 -2.4464116e-02
  4.5257028e-02
 -3.0623345e-02
  6.5384093e-03
  4.6865419e-03
  8.6022448e-03
 -1.9862916e-02
 -4.4211358e-02
  1.6239941e-02
  2.6353205e-02
 -3.5399769e-02
  2.7155381e-02
 -9.9437134e-03
 -7.7419495e-03
  7.8188218e-03
 -5.0985692e-03
 -2.1661323e-02
  2.4885066e-02
 -4.3599382e-03
 -3.7579011e-02
  1.3095393e-02
  9.7259106e-03
 -8.7157823e-03
 -8.1159072e-03
  7.9184221e-03
  9.7009512e-03
 -2.2016829e-02
  1.7145663e-02
  1.2582802e-02
  3.8645628e-03
 -1.5715800e-02
 -7.0897909e-03
 -9.3273036e-03
  2.8960226e-02
 -1.5033120e-03
 -3.6386959e-02
  1.5292293e-02
  1.2468621e-02
 -1.8661240e-02
  5.6277467e-03
  4.7080517e-03
  2.3036070e-02
 -3.1874951e-02
  1.4649515e-02
  3.9814506e-02
  2.2656677e-02
 -4.7931508e-03
 -2.2565957e-02
  1.3931438e-02
  1.1425921e-02
 -1.3586882e-02
 -1.2382712e-02
  9.3348054e-03
  1.0170427e-02
 -1.5556802e-02
  5.7833348e-03
 -3.9578243e-03
  1.8045280e-02
 -1.2904452e-02
 -1.6313372e-02
 -1.0002224e-02
  2.2770423e-02
  2.7525378e-02
 -8.8130370e-02
 -1.5346291e-02
  5.4626733e-02
 -1.6513273e-02
 -1.1995510e-02
  8.8166893e-03
  1.2781919e-02
 -1.8309874e-02
 -1.2971258e-02
  1.3961218e-02
  1.8480077e-02
 -9.0430547e-03
 -3.2954816e-02
  2.7094586e-02
  2.3576543e-02
 -9.9683721e-03
 -7.3566767e-03
 -9.2389452e-04
  2.2704586e-02
 -1.5242683e-02
 -1.7374607e-02
  9.3701212e-03
  1.2483814e-02
 -2.6620466e-02
 -5.7966923e-03
  2.9980268e-02
  2.2634624e-03
 -1.7407533e-02
 -4.4073714e-03
  1.8919544e-02
  1.6807709e-02
 -7.5020320e-03
  1.5633127e-02
 -1.8417081e-02
  1.7158106e-02
  3.6902886e-04
 -1.3577561e-02
  3.4487261e-03
  5.3709685e-03
 -2.6282707e-02
 -1.4659109e-04
  2.0422280e-02
  2.5931440e-02
 -2.0148212e-02
  8.7905619e-03
  7.7219456e-03
  2.2712646e-02
 -3.2199167e-02
 -7.1953675e-03
  1.4715232e-02
  3.2873347e-02
 -7.4869413e-03
 -3.8348444e-02
  1.5391792e-02
  1.4364862e-02
 -4.5060609e-02
 -1.4664540e-03
  2.9020905e-02
  1.7102214e-02
 -1.6111869e-02
 -5.6904322e-03
  3.6423735e-02
  1.5817571e-02
 -3.9281387e-02
 -6.3766101e-03
  4.2987638e-03
  3.5599016e-02
 -2.8635252e-02
  2.3410188e-03
  1.1126022e-03
  1.5159723e-02
 -1.2408149e-02
 -1.7352568e-02
  1.4245987e-02
  1.3375358e-02
 -2.3023402e-02
  1.2811376e-02
  2.2729743e-02
  1.0529655e-02
 -2.7120423e-02
 -2.1807416e-03
  1.6196501e-02
  1.7828738e-02
 -4.6621733e-03
 -1.5721491e-02
 -4.8871753e-03
  1.6068349e-02
 -1.8319000e-02
  2.6829047e-03
  1.2811880e-02
  7.8949863e-03
 -1.3896652e-02
 -1.0577338e-02
 -1.6095644e-02
  1.8663615e-02
 -1.1543254e-02
 -7.6571852e-03
  3.5231439e-03
  1.3260431e-02
 -3.7217629e-03
 -3.0234776e-02
 -1.0489684e-02
  2.0652344e-02
 -1.2473520e-02
 -1.4936024e-02
  1.7604878e-02
  1.1295244e-02
 -5.5278791e-03
  2.7337771e-02
 -2.1690194e-02
 -1.1504418e-02
 -1.6789243e-02
  5.1987604e-03
  4.6944800e-03
  1.1689679e-02
 -9.0982188e-03
 -1.5601611e-02
 -9.2249094e-03
  2.4455952e-02
 -2.4276618e-02
  1.8560387e-03
 -5.5232914e-03
  2.4501314e-02
 -1.0879314e-02
 -9.4949908e-04
  1.0345933e-02
  1.0746382e-02
 -1.6587816e-02
  2.0230984e-02
 -2.6804959e-02
  1.1093628e-02
 -2.2614822e-02
 -4.4122033e-02
  1.8889705e-02
  2.2544673e-02
 -3.6313497e-02
  1.3028004e-03
  1.0221453e-02
  3.9752007e-02
 -2.7011128e-02
  1.2800368e-02
 -1.1624474e-02
  1.5444907e-02
 -2.1023313e-02
  1.6603105e-02
  2.1009922e-03
  6.0207732e-03
 -1.2016187e-02
 -1.3148574e-02
  9.6575106e-03
  5.1933890e-03
 -2.1149373e-02
 -4.4621592e-03
  2.0340674e-02
  7.4060946e-03
 -2.5446769e-02
  6.1415117e-03
 -9.8987436e-03
  1.7724575e-02
 -1.5119452e-02
 -1.5321979e-03
 -6.3486872e-03
  1.9712208e-02
 -8.1493249e-03
 -6.5300763e-02
  2.9479446e-02
  2.4132356e-02
 -1.1580500e-03
 -9.2054214e-03
  2.1598382e-02
 -1.9949583e-02
 -2.5322694e-02
  2.1054208e-02
  2.3268065e-03
  2.4306600e-03
 -2.3335556e-02
 -6.5297056e-03
  8.5945297e-03
  2.3503326e-02
 -1.8284414e-02
 -1.3105939e-02
  1.2146941e-02
  9.9097434e-03
 -1.6536264e-02
 -1.0923563e-02
  1.6230764e-02
 -1.1925198e-03
 -1.7257988e-02
  1.3687400e-02
 -3.2001883e-03
  1.3394936e-02
 -3.5852354e-03
 -1.2195164e-02
  7.3409928e-03
  5.9135873e-03
 -2.6260898e-02
 -9.5178504e-03
  1.1023373e-02
  1.0900400e-02
 -2.3462560e-02
 -3.1594239e-02
  1.9093236e-02
 -1.8762498e-03
 -2.7870540e-02
  1.8171212e-02
 -2.3177129e-03
 -8.7678405e-03
 -2.2945864e-02
 -3.2673688e-03
  9.8665254e-03
  3.5065562e-03
 -5.7219062e-03
 -2.5591033e-02
  1.8009521e-02
  9.2979660e-03
 -8.2072774e-03
 -1.4637373e-02
  2.8533084e-02
 -7.8490824e-03
 -1.2080940e-02
  1.2116985e-02
  1.2109786e-02
 -4.8085148e-03
 -1.4076566e-02
 -8.3631044e-03
  4.7216234e-03
  1.4273741e-02
  8.3882670e-04
 -2.1430155e-02
  1.6924141e-02
  4.1120788e-03
 -1.9214014e-02
  4.3850262e-02
  7.7933972e-03
 -2.2903401e-02
 -1.2487346e-02
  1.1805979e-02
 -4.0709477e-02
  1.6814232e-02
 -1.1829251e-02
 -2.2929871e-02
  4.1630524e-03
  3.0477664e-02
 -1.5063786e-02
  2.3919905e-02
 -3.1717863e-02
  1.2677897e-02
 -1.8885965e-02
  1.0383900e-03
  2.0217412e-04
  1.5583782e-02
 -1.5734321e-02
  1.8752924e-04
 -6.6685215e-02
  2.2510460e-02
  4.4664098e-03
 -5.2038662e-04
 -1.4180673e-02
  2.6546644e-02
 -3.9012458e-03
  1.0657582e-02
  1.9228175e-02
 -2.7400101e-02
 -4.8645403e-02
 -3.2000300e-02
  3.3358049e-02
  1.2147646e-02
 -4.6237838e-02
  7.7921255e-03
 -3.7546214e-02
  2.9552920e-02
 -6.3524447e-02
  1.0263928e-02
  3.8034998e-02
  2.1621386e-02
 -1.4824183e-02
 -1.2509459e-02
  8.6471363e-04
  1.8380141e-02
 -3.8747874e-03
 -1.3598820e-02
  3.4833036e-02
 -1.6087610e-02
 -5.8155810e-03
 -9.8773185e-03
 -1.1406319e-02
  9.7500077e-03
 -4.6096630e-03
 -2.7426141e-03
 -1.2294482e-02
  2.2629306e-02
  4.6538111e-02
 -3.2961573e-02
 -6.6307165e-02
  4.0806901e-02
 -1.8220862e-02
 -2.5010264e-02
  6.3799284e-03
  3.0939346e-02
 -2.2229018e-02
  1.2010639e-02
 -5.0792698e-02
  1.8337063e-02
 -3.8905069e-02
  1.4206257e-03
  1.7013013e-02
  3.4191955e-02
 -5.8763716e-03
 -1.7736111e-02
 -7.6914104e-03
  1.8078059e-02
 -2.3057578e-02
 -8.4286081e-03
  9.0641892e-03
  2.0029372e-02
 -3.5097547e-02
  1.1859433e-02
  7.6168054e-03
  1.7224539e-02
 -1.2207732e-02
 -1.2436890e-02
  3.4859623e-03
  1.8047912e-02
 -1.6714422e-02
 -1.4645378e-02
  1.3878489e-02
  7.3781004e-03
 -1.9633681e-02
 -3.3756727e-03
  1.0400628e-02
  1.3537278e-02
 -2.7323900e-02
  2.1915698e-02
  1.7046066e-03
  8.6266585e-03
 -2.3038197e-02
 -2.5908216e-03
  1.1517639e-02
  1.3073943e-02
 -1.5287003e-02
 -6.8579647e-03
  2.3039933e-03
  1.6412314e-02
 -7.3002325e-03
 -1.1667655e-02
  2.1317607e-02
 -7.8440568e-04
 -1.8577481e-02
  4.7296635e-03
 -7.6458551e-02
  1.7970132e-02
 -8.6398581e-03
 -1.1044308e-02
  7.0344415e-03
  1.0926149e-02
  4.2930739e-03
 -2.1526057e-02
 -1.1333430e-02
  1.7982947e-02
 -4.9249269e-03
 -5.4091766e-02
  1.8852329e-02
  2.7686868e-02
 -1.7423000e-02
 -5.0456123e-03
 -2.4270568e-02
  2.5303205e-02
 -1.7075675e-02
 -2.6599934e-02
  1.2071318e-02
  3.2432456e-02
 -2.8757760e-03
 -3.7934151e-02
 -3.3408205e-03
  2.7614828e-02
 -2.2542480e-02
 -1.6754670e-02
  8.1347786e-03
  2.3993934e-02
 -1.5522033e-02
 -4.9568955e-03
 -1.6338336e-03
  1.9230355e-02
 -3.4341916e-02
 -3.8548060e-02
  2.5318932e-02
  1.6590348e-02
 -9.2045758e-03
 -1.6204774e-02
  6.9143303e-04
  1.6764274e-02
 -2.2327140e-02
  1.0660816e-02
  5.9394799e-03
  1.4707775e-02
 -3.1279992e-02
  2.1538232e-02
 -3.1754069e-02
  1.6560050e-02
 -1.0839422e-02
 -1.0979603e-02
  1.2170251e-02
  1.5052919e-02
  8.4400987e-03
 -4.8061330e-03
  1.3744385e-02
 -1.5450730e-02
  8.0808072e-04
  3.5685382e-03
  1.6286518e-02
 -1.3478965e-02
 -1.7639857e-02
  5.4233469e-04
  3.8952469e-03
  1.6248967e-02
 -9.9574327e-03
 -7.0159389e-03
  1.7568137e-02
 -4.7650416e-03
  7.9177106e-03
 -2.4383198e-02
  1.3925372e-02
  6.3043501e-04
 -7.3149744e-03
  1.5661692e-02
 -6.8753213e-03
  5.2848477e-03
 -1.4055978e-02
  4.0395060e-03
  7.0156953e-03
  1.0321768e-02
 -1.9845197e-02
 -1.7892186e-02
  3.3417763e-03
  3.1336334e-02
  3.4003400e-03
 -6.0997983e-03
  1.9072179e-02
 -1.5673395e-02
 -4.1646998e-02
  9.5934039e-03
  1.5632028e-02
  1.1000205e-02
 -2.8345024e-03
 -1.2156962e-02
  1.7352201e-02
  8.5187424e-03
 -6.7133759e-03
 -4.7244027e-02
  8.4821386e-03
  5.1394198e-02
 -4.1249413e-02
  1.2142058e-02
 -1.3168204e-03
  8.0514913e-03
 -2.0581268e-02
 -2.3065794e-02
 -4.2315692e-04
  2.5276000e-02
 -2.6293898e-03
  2.1417705e-02
  2.8952669e-02
 -5.5312648e-02
 -1.3881178e-02
 -2.3612071e-02
  1.3987036e-02
  1.7273499e-02
  8.9810286e-03
 -1.3637151e-02
  1.4560459e-02
 -3.0476483e-02
  8.0663379e-04
 -1.6658552e-02
  1.2602818e-02
  2.7657878e-03
  6.3839630e-04
 -2.0513009e-02
  3.8233050e-03
  1.3608382e-02
 -2.6902057e-02
 -1.9193262e-02
  1.3513892e-02
  2.6151149e-02
  7.8017367e-03
 -2.0914730e-02
  1.0906559e-02
  2.8774054e-03
 -2.0518953e-02
  1.7460663e-03
  1.6539617e-02
  1.1059713e-02
 -1.8775400e-02
 -5.3187921e-03
 -9.1746112e-04
  2.5267158e-02
 -1.6498996e-02
 -1.8163340e-02
  1.4579846e-03
  3.1904776e-02
 -4.6984766e-02
 -5.8544893e-03
  5.0243866e-03
  2.9100848e-02
 -3.4273811e-02
 -4.1791680e-03
  8.2371011e-03
  2.4021711e-02
 -7.8938138e-03
 -2.1057953e-03
  1.0805622e-02
  6.9370326e-03
 -2.4192888e-02
 -5.7181818e-03
 -9.1266362e-03
  3.2071047e-02
 -1.7987929e-02
 -1.1229925e-02
  7.3019983e-03
  1.1721377e-02
 -1.6643409e-02
 -3.6621608e-03
  6.6321851e-03
  1.3558053e-02
 -1.1112341e-02
 -7.6172724e-03
  1.0779109e-02
  1.4603714e-02
 -1.1041254e-02
 -3.8255574e-03
 -3.3819077e-03
  2.0501649e-02
 -1.9244101e-02
 -1.5408779e-02
 -2.3025668e-03
  2.3190701e-02
 -1.7910125e-02
 -1.4282636e-02
  2.0104958e-02
  8.5436171e-03
 -1.5273944e-02
 -1.5072470e-02
  9.7468188e-03
  2.0325458e-02
 -1.9510658e-02
 -2.1529051e-03
 -3.1493143e-03
  2.9704282e-02
 -7.3274262e-03
 -1.0240982e-02
  4.9758172e-03
  5.7540606e-03
 -1.2545801e-02
 -1.4054882e-02
  2.5825081e-03
  1.9108841e-02
 -1.5474819e-02
  4.5958282e-03
  2.4005927e-03
  1.5270701e-02
 -2.0109139e-02
  1.1881497e-02
  3.8743122e-03
  1.2971045e-02
 -1.3963290e-02
 -2.4161907e-02
  6.7809406e-03
  1.6606493e-02
 -4.6230379e-02
 -9.8238299e-03
  1.9978052e-02
  2.5046026e-02
 -1.9901913e-02
 -3.7138260e-03
  1.3747043e-02
  1.7963922e-02
 -2.9470872e-02
  2.6415344e-03
 -1.1266557e-02
  3.2158073e-02
 -3.2133128e-02
 -6.6945534e-03
  5.1808322e-04
  2.1642467e-02
 -1.4790247e-02
  1.5077741e-03
  7.7622752e-03
  6.3890093e-03
 -1.7883958e-02
  4.5533590e-03
 -9.9203009e-03
  1.5675925e-02
 -5.0168186e-02
  8.4323296e-03
  1.1905978e-02
  2.8956251e-02
 -7.7012382e-03
 -1.1347566e-02
 -1.0075988e-04
  1.2735718e-02
 -1.3481022e-02
 -7.5880834e-03
  2.0530043e-02
  3.9997525e-03
 -1.0576330e-02
 -5.5705369e-03
 -8.3667208e-03
  1.4244484e-02
 -2.8777923e-02
  9.5706657e-03
 -3.3835773e-03
  2.3281291e-02
 -6.9260029e-03
 -1.4537118e-02
 -1.3529329e-02
  1.9082434e-02
 -1.2026966e-02
 -1.3538462e-02
  9.3964171e-03
  1.7386077e-02
 -1.6657799e-02
  5.5885469e-03
  3.2947655e-03
  1.5763156e-02
 -1.4084776e-02
 -8.5693067e-03
  5.2867909e-03
  1.7670497e-02
 -1.7767958e-02
 -1.5605368e-02
  6.3979877e-03
  1.7869432e-02
 -3.2550961e-02
 -3.5320438e-02
  3.5359558e-02
  1.5819119e-02
 -1.6894702e-02
 -4.5278873e-03
  1.4621484e-02
  1.8004851e-02
 -2.0349344e-02
 -1.2391742e-02
 -2.7790943e-02
  3.2643665e-02
 -2.2563368e-02
 -2.0702012e-02
  8.0493577e-03
  2.1126706e-02
 -1.1484111e-02
 -5.2444853e-02
  2.1040199e-02
  2.6026437e-02
 -1.4127855e-02
 -6.7519965e-03
  1.0215233e-02
  1.5612351e-02
 -8.1045404e-03
 -1.0462609e-02
  9.0947608e-03
  1.0391429e-02
 -4.2210664e-03
 -1.6225841e-02
  7.6488033e-03
  7.0102951e-03
 -1.7257666e-02
 -1.6373444e-02
  3.5199318e-02
  4.5170342e-03
 -4.1074296e-03
  5.6879953e-03
  1.4465426e-02
 -8.0224779e-04
 -1.0419255e-02
 -1.6102547e-02
 -1.6894679e-03
  1.6477564e-02
 -1.1573108e-02
 -2.7432445e-02
  1.8387981e-02
  8.8545838e-03
  2.0321019e-03
 -4.9821630e-02
  4.0540211e-02
 -1.4667950e-02
 -4.3977156e-02
  1.3641948e-02
  6.0570240e-03
  3.0461831e-02
 -3.2550793e-02
  4.0177060e-03
 -3.4727827e-03
  3.6949232e-02
 -2.3020102e-02
 -1.7647918e-02
  4.0508923e-03
  2.1110283e-02
 -2.8927835e-02
 -1.1745493e-02
  1.8057249e-02
  1.2977578e-02
 -6.7505771e-03
 -1.0702578e-04
  2.7908362e-02
  3.4010077e-03
 -2.5441993e-02
  1.0636264e-02
 -2.1952158e-02
  2.0069318e-02
 -2.2907523e-02
 -1.5164939e-02
  2.0702204e-02
  2.1954735e-03
 -1.1213774e-02
 -3.1607352e-02
  1.9204648e-02
  4.2730295e-03
 -3.6200996e-02
  1.1568860e-02
 -4.4445647e-04
  1.1022313e-02
 -4.0050238e-02
  1.6834753e-02
 -2.6210300e-03
  1.0819207e-02
 -3.0509990e-03
  2.1623356e-02
  4.3561880e-02
 -5.7369888e-02
  1.7307512e-03
 -1.9568089e-02
  2.3558399e-02
 -5.5913562e-03
 -2.6985098e-02
  4.3017371e-03
  4.8956867e-02
  1.2625951e-02
 -1.7676631e-02
 -2.4395904e-02
  2.4188703e-03
  2.7913217e-02
  1.0775927e-02
 -3.2877438e-02
  2.8636139e-02
 -1.0641806e-03
 -1.5705870e-02
 -1.9488376e-02
  1.1051941e-02
  2.5292851e-02
 -2.3340389e-02
  1.2701529e-02
 -2.3766389e-02
  1.8701255e-02
 -9.0936199e-03
  1.0409019e-02
 -1.3365764e-02
  2.0576904e-02
 -1.3366378e-02
  1.3012348e-02
 -2.2250053e-02
  2.0073075e-02
 -3.8596548e-02
 -8.7558227e-03
  2.2236669e-02
  1.7995365e-02
 -1.6546240e-02
 -4.0535755e-03
  8.9771226e-03
  1.4010748e-02
 -2.1044126e-02
  8.5614854e-03
 -9.3950685e-03
  1.6765969e-02
 -2.0537054e-02
 -2.1244206e-02
  8.7969033e-03
  1.6289908e-02
 -2.8172497e-02
 -1.5966853e-02
  2.9972583e-02
  1.0619137e-02
 -1.5714673e-02
  3.1679908e-03
  9.8786717e-03
  8.8763461e-03
 -4.6868217e-03
 -4.6259882e-03
  4.0223226e-03
  7.2523085e-03
 -1.0078439e-02
  9.9577801e-04
 -7.4500991e-03
  1.5889650e-02
 -1.7370109e-02
 -1.2949388e-02
  1.2553128e-02
  1.4243432e-02
 -4.1394951e-03
 -1.5017693e-02
  3.2348126e-02
  8.6165583e-03
 -2.0534558e-02
 -1.7603437e-04
 -1.1971142e-03
  1.5617146e-02
 -4.9797012e-03
 -2.3210198e-02
  1.1454009e-02
  6.4402772e-03
 -1.1035466e-02
 -1.4431080e-02
  1.1746019e-02
  1.5575741e-02
 -1.3580952e-02
 -8.3365478e-04
  9.1971606e-03
  1.6454685e-02
 -1.7719582e-02
 -7.1913931e-03
  2.7743273e-03
  2.2317575e-02
 -1.2533837e-02
 -1.8088121e-02
  1.7023375e-03
  1.3623836e-02
 -4.4181496e-02
 -1.4541168e-03
  2.9031027e-02
  1.8008726e-02
 -2.0230675e-02
 -1.0690591e-03
  1.4423761e-02
  1.6019054e-02
 -1.3892189e-02
  5.2793100e-02
  5.3344458e-02
 -5.0366335e-02
 -1.6059780e-02
 -2.0167707e-02
  1.1276126e-02
  1.4401522e-02
 -2.5922567e-02
  2.6256337e-03
  1.7085640e-02
  1.6691992e-02
 -3.1378400e-02
  1.5784673e-02
  8.3639277e-03
  1.6391724e-02
 -4.7933597e-02
  1.6668826e-02
  1.3596290e-02
  2.4204880e-02
 -8.5293362e-03
 -6.4029527e-04
 -2.1235725e-02
  2.0504314e-02
 -8.9815026e-03
 -1.9895706e-02
  2.0881597e-02
  6.2371595e-03
 -1.3974195e-02
  2.0905330e-03
 -5.7049628e-02
  1.2004243e-02
 -1.5917763e-02
  1.2830307e-03
 -1.2838206e-03
  1.2831382e-02
 -7.7561005e-03
 -2.1406116e-02
 -1.0692176e-02
  1.6207524e-02
