21 84 20 1 0  -7.221   2.375   4.679 249121
  -0.16009   0.08700  -0.15271   0.13355  -0.10842   0.15211  -0.27199   0.15538  -0.24404   0.09178  -0.03340   0.10772  -0.14012   0.08380  -0.17995   0.17562  -0.24207   0.05870  -0.08143   0.12093  -0.12642   0.14641  -0.25316   0.17819  -0.23321   0.13773   0.10115   0.08255  -0.19922   0.17538  -0.14934   0.14491  -0.19840   0.02669  -0.03672   0.12284  -0.18922   0.16143  -0.27765   0.18168  -0.28683   0.13092  -0.00264   0.09256  -0.24040   0.14719  -0.14068   0.11091  -0.34314   0.09471  -0.07654   0.11513  -0.19108   0.30112  -0.27315   0.15044  -0.28127   0.11233  -0.05792   0.10282  -0.23765   0.11646  -0.08810   0.16670  -0.25132   0.10143  -0.08562   0.13211  -0.04154   0.03681  -0.51185   0.17050  -0.30267   0.04085  -0.15549   0.14801  -0.14997   0.05600  -0.24273   0.19814  -0.25711   0.02560  -0.14387   0.12869
  -0.20446   0.09908  -0.15457   0.14774  -0.13229   0.15939  -0.31546   0.18008  -0.28297   0.09815  -0.03551   0.12032  -0.19839   0.09581  -0.18443   0.19988  -0.27140   0.06627  -0.10148   0.13397  -0.11604   0.13214  -0.32564   0.19749  -0.27308   0.14689   0.04653   0.10612  -0.20189   0.16525  -0.16379   0.16349  -0.25138   0.02997  -0.05398   0.14880  -0.18203   0.16185  -0.33996   0.20035  -0.34312   0.14623  -0.01945   0.10456  -0.30065   0.13044  -0.12065   0.13569  -0.38912   0.09833  -0.08449   0.12679  -0.17035   0.25845  -0.26725   0.17320  -0.33949   0.12417  -0.03799   0.11316  -0.27311   0.11673  -0.05934   0.16592  -0.31003   0.12245  -0.08440   0.13590  -0.09241   0.03712  -0.59687   0.20834  -0.35710   0.05018  -0.18001   0.15997  -0.23423   0.06073  -0.27052   0.23621  -0.27450   0.02732  -0.14624   0.13229
  -0.24484   0.10742  -0.17284   0.16545  -0.14214   0.14723  -0.37164   0.20812  -0.33805   0.10969  -0.06203   0.13560  -0.25998   0.09290  -0.19297   0.23145  -0.31175   0.07298  -0.10917   0.14363  -0.12641   0.13310  -0.38682   0.21804  -0.29089   0.15635   0.03947   0.10868  -0.25618   0.19738  -0.14612   0.15531  -0.25520   0.04541  -0.06973   0.15076  -0.19647   0.15520  -0.40150   0.22891  -0.36366   0.14790  -0.02316   0.11094  -0.32000   0.12719  -0.13173   0.15095  -0.41012   0.10591  -0.08944   0.12775  -0.17948   0.25583  -0.30849   0.19881  -0.35012   0.12362  -0.08847   0.12337  -0.29813   0.11180  -0.06482   0.18571  -0.30058   0.12231  -0.09126   0.13763  -0.11083   0.02949  -0.68492   0.22764  -0.40615   0.05244  -0.16217   0.17021  -0.29994   0.07670  -0.23627   0.23831  -0.30800   0.03981  -0.15650   0.13643
  -0.29038   0.11157  -0.18641   0.18357  -0.15525   0.14037  -0.43858   0.23353  -0.37013   0.11164  -0.07471   0.14603  -0.31690   0.10149  -0.17862   0.24073  -0.33270   0.08360  -0.11938   0.14698  -0.12317   0.13690  -0.49957   0.23351  -0.33366   0.15381   0.00640   0.13465  -0.28048   0.20281  -0.12308   0.14969  -0.30960   0.05631  -0.08120   0.16730  -0.21861   0.16025  -0.50071   0.25607  -0.39016   0.15721  -0.01291   0.11102  -0.35901   0.14704  -0.14362   0.15055  -0.45636   0.11410  -0.11239   0.14257  -0.18732   0.26121  -0.44942   0.24414  -0.41599   0.14500  -0.06122   0.12298  -0.32952   0.13883  -0.09244   0.19218  -0.37229   0.12032  -0.07964   0.14996  -0.13929   0.06259  -0.79372   0.23572  -0.42557   0.06422  -0.19469   0.16987  -0.34519   0.10249  -0.27791   0.24943  -0.30741   0.04676  -0.16869   0.13647
  -0.32423   0.11693  -0.19468   0.19361  -0.17089   0.15061  -0.55919   0.25592  -0.40631   0.12089  -0.08701   0.15161  -0.35971   0.12126  -0.20828   0.25284  -0.36434   0.09117  -0.13313   0.15502  -0.11035   0.13458  -0.65420   0.24503  -0.35994   0.13690   0.01495   0.15636  -0.28911   0.19047  -0.18307   0.19642  -0.32954   0.05740  -0.12647   0.18944  -0.25046   0.17059  -0.62311   0.27994  -0.41341   0.15244  -0.03329   0.12442  -0.34563   0.15630  -0.18149   0.15835  -0.47957   0.11620  -0.12271   0.15015  -0.18692   0.23871  -0.52698   0.27693  -0.42634   0.12473  -0.05625   0.14283  -0.37784   0.14151  -0.09007   0.20683  -0.39556   0.12617  -0.10980   0.16915  -0.16496   0.04836  -1.02266   0.26116  -0.46481   0.05335  -0.20852   0.18447  -0.38177   0.08559  -0.29379   0.27021  -0.34610   0.04632  -0.17464   0.14506
  -0.35924   0.12748  -0.21742   0.20377  -0.18309   0.14615  -0.69838   0.27994  -0.43608   0.10999  -0.09884   0.16798  -0.39676   0.10840  -0.23090   0.27817  -0.39554   0.09292  -0.15186   0.16696  -0.12757   0.13367  -0.81660   0.27006  -0.39054   0.13511  -0.06136   0.17660  -0.33637   0.17203  -0.14347   0.21284  -0.40010   0.05010  -0.15602   0.21772  -0.26547   0.16575  -0.79269   0.30631  -0.42686   0.14986  -0.02261   0.12917  -0.42675   0.17214  -0.16920   0.15705  -0.49725   0.11719  -0.15371   0.16768  -0.19391   0.23434  -0.63409   0.30143  -0.46112   0.11663  -0.09286   0.16232  -0.40966   0.09204  -0.08478   0.25338  -0.42202   0.12346  -0.12279   0.18290  -0.17727   0.03306  -1.16415   0.27454  -0.50246   0.05074  -0.22613   0.19357  -0.40463   0.08241  -0.29282   0.27620  -0.38644   0.04396  -0.19420   0.15699
  -0.39083   0.12326  -0.24161   0.22042  -0.19962   0.13959  -0.85148   0.30202  -0.46597   0.10574  -0.12059   0.17968  -0.43208   0.09576  -0.22854   0.29279  -0.43736   0.09252  -0.17626   0.18256  -0.12578   0.12285  -0.94157   0.28070  -0.43220   0.13716  -0.09372   0.19140  -0.38136   0.18726  -0.10179   0.19568  -0.40639   0.04374  -0.21564   0.23809  -0.26889   0.16699  -1.03454   0.32272  -0.47508   0.15147  -0.08280   0.14685  -0.46070   0.18632  -0.25309   0.18859  -0.56484   0.11618  -0.18058   0.18901  -0.17730   0.20739  -0.73813   0.32224  -0.53921   0.10631  -0.17538   0.19414  -0.41326   0.12539  -0.14521   0.25935  -0.48759   0.13316  -0.18307   0.21672  -0.17199   0.03649  -1.33879   0.27489  -0.52806   0.06399  -0.25335   0.19234  -0.44215   0.08676  -0.34290   0.29286  -0.40743   0.05299  -0.20420   0.15863
  -0.42803   0.11919  -0.26093   0.23564  -0.19719   0.13470  -1.02752   0.31244  -0.51001   0.10928  -0.17635   0.19095  -0.46627   0.10492  -0.28313   0.31078  -0.46999   0.09600  -0.20921   0.19594  -0.16211   0.10533  -1.20483   0.31706  -0.49163   0.11289  -0.15224   0.22610  -0.41362   0.13984  -0.18525   0.27914  -0.47251   0.04720  -0.25192   0.25691  -0.31856   0.14060  -1.21647   0.35579  -0.49258   0.11283  -0.09712   0.17879  -0.50000   0.11566  -0.26836   0.25643  -0.59725   0.10425  -0.21067   0.21273  -0.28322   0.21082  -0.85414   0.37282  -0.56801   0.04427  -0.22364   0.24075  -0.43226   0.06891  -0.12711   0.29489  -0.49223   0.11386  -0.19782   0.23312  -0.22528   0.02573  -1.62728   0.29879  -0.57489   0.02619  -0.26751   0.21817  -0.45880   0.06367  -0.32293   0.30128  -0.41650   0.03794  -0.22619   0.17042
  -0.46253   0.12235  -0.29659   0.24854  -0.24884   0.11582  -1.23075   0.34516  -0.54841   0.06893  -0.20431   0.22273  -0.48774   0.06652  -0.27723   0.33217  -0.49196   0.08322  -0.23659   0.21253  -0.17034   0.09605  -1.22612   0.32507  -0.43877   0.16261  -0.17140   0.18264  -0.44887   0.10394  -0.08259   0.26647  -0.41884   0.07071  -0.22921   0.23427  -0.29004   0.18055  -1.20605   0.32714  -0.48967   0.16453  -0.09275   0.14135  -0.45348   0.16286  -0.24484   0.20471  -0.57172   0.13875  -0.19938   0.18108  -0.22520   0.19237  -0.86920   0.36217  -0.52565   0.09252  -0.23114   0.20480  -0.39834   0.05442  -0.12754   0.29476  -0.51229   0.15704  -0.17543   0.20397  -0.21228   0.03732  -1.61822   0.29126  -0.56110   0.05854  -0.27481   0.20116  -0.43671   0.06180  -0.34077   0.30204  -0.40101   0.07516  -0.19656   0.14660
  -0.50104   0.09794  -0.31829   0.27159  -0.23887   0.13058  -1.24432   0.33630  -0.53346   0.10975  -0.21415   0.19759  -0.46444   0.06687  -0.28693   0.33015  -0.47423   0.12011  -0.21587   0.18639  -0.13661   0.16504  -1.29070   0.28029  -0.39999   0.19996  -0.13682   0.13905  -0.25067   0.02785   0.04473   0.15528  -0.36302   0.10214  -0.17741   0.19582  -0.25201   0.20697  -1.34785   0.30469  -0.41180   0.16923  -0.07543   0.11475  -0.44095   0.15760  -0.22763   0.19990  -0.47341   0.13108  -0.13410   0.14341  -0.19505   0.27531  -0.98059   0.31088  -0.49885   0.16006  -0.16525   0.14228  -0.36384   0.10342  -0.10555   0.24133  -0.40217   0.20019  -0.15155   0.14475  -0.18357   0.05463  -1.72264   0.27703  -0.52479   0.06558  -0.29156   0.19233  -0.45348   0.05429  -0.36348   0.31249  -0.31771   0.10211  -0.14595   0.10669
  -0.49232   0.12996  -0.29200   0.24922  -0.20794   0.16424  -1.36794   0.31311  -0.48730   0.12203  -0.21028   0.18009  -0.46857   0.06325  -0.30068   0.33594  -0.38665   0.13575  -0.16700   0.14711  -0.12645   0.19650  -1.29414   0.25869  -0.34059   0.20108  -0.09931   0.11082  -0.28189   0.07256   0.13424   0.04269  -0.33629   0.16151  -0.24169   0.18038  -0.24821   0.21078  -1.57212   0.30546  -0.36127   0.17665  -0.05764   0.08953  -0.41229   0.14314  -0.12315   0.15576  -0.44746   0.18602  -0.16987   0.10814  -0.15491   0.22633  -0.91185   0.31662  -0.40220   0.18191  -0.20481   0.09762  -0.36122   0.13133  -0.07418   0.20036  -0.38370   0.26735  -0.19175   0.10623  -0.20104   0.07810  -1.82354   0.27561  -0.47812   0.09643  -0.26276   0.16564  -0.44220   0.08726  -0.34865   0.29386  -0.32308   0.12994  -0.19916   0.10696
  -0.43235   0.14576  -0.26794   0.22340  -0.21104   0.17460  -1.43885   0.31063  -0.42938   0.14358  -0.18390   0.14926  -0.46004   0.09075  -0.27380   0.31437  -0.38394   0.18382  -0.20556   0.12942  -0.09135   0.16985  -1.21747   0.24676  -0.35464   0.21375  -0.25817   0.11884  -0.18280   0.09107   0.00426   0.10082  -0.39716   0.09574  -0.27727   0.23222  -0.21209   0.24510  -1.24794   0.26172  -0.37207   0.17699  -0.15389   0.10264  -0.39827   0.21263  -0.20585   0.12671  -0.44075   0.17136  -0.23212   0.15017  -0.12986   0.24747  -0.78474   0.27859  -0.44260   0.21176  -0.32684   0.08759  -0.28996   0.15972  -0.14459   0.18476  -0.45778   0.20983  -0.23508   0.18698  -0.14210   0.11115  -1.62854   0.23989  -0.46928   0.14966  -0.30529   0.13064  -0.37498   0.16456  -0.29283   0.22614  -0.31954   0.13527  -0.20473   0.10469
  -0.40535   0.17971  -0.30737   0.20486  -0.16871   0.20532  -1.23488   0.27245  -0.43272   0.17363  -0.26768   0.13221  -0.39203   0.16396  -0.25125   0.24847  -0.39684   0.16766  -0.23795   0.15302  -0.17280   0.09199  -0.96704   0.31964  -0.46583   0.28084  -0.30512   0.09782  -0.09539   0.04604   0.03255   0.03732  -0.53240   0.13978  -0.38777   0.25789  -0.28877   0.16147  -1.14078   0.33542  -0.47760   0.25680  -0.28552   0.06655  -0.36128   0.12285  -0.29940   0.23635  -0.57382   0.19718  -0.39978   0.20031  -0.24191   0.16830  -0.55435   0.34503  -0.56314   0.28849  -0.40066   0.02481  -0.32226   0.13856  -0.22125   0.25116  -0.60445   0.25069  -0.39331   0.22981  -0.28273   0.02530  -1.38372   0.31237  -0.58272   0.16501  -0.44049   0.14566  -0.30759   0.05145  -0.40581   0.29215  -0.47793   0.10283  -0.40030   0.18009
  -0.38978   0.19437  -0.34934   0.19976  -0.26912   0.12547  -1.02709   0.34143  -0.53624   0.22697  -0.37170   0.11696  -0.34028   0.07138  -0.34548   0.31413  -0.54480   0.17281  -0.41096   0.21206  -0.09362   0.10527  -0.87915   0.26404  -0.45250   0.20641  -0.23450   0.15866  -0.05785   0.08812  -0.13482   0.10399  -0.68835  -0.13033  -0.53327   0.36403  -0.16536   0.23817  -0.96268   0.23547  -0.46680   0.24335  -0.26334   0.07679  -0.30578   0.17952  -0.18146   0.12374  -0.58514  -0.00686  -0.43823   0.32682  -0.21454   0.10478  -0.07373   0.20012  -0.51047   0.16355  -0.32693   0.15356  -0.21922   0.12288  -0.14475   0.18397  -0.68279  -0.09868  -0.52930   0.39349  -0.08247   0.16601  -1.21560   0.17956  -0.51937   0.22521  -0.42673   0.08299  -0.25384   0.14385  -0.26362   0.19523  -0.46959  -0.00368  -0.38099   0.21606
  -0.48747   0.20419  -0.50090   0.23876  -0.14485   0.19685  -0.67062   0.23102  -0.50041   0.22899  -0.33651   0.10451  -0.27070   0.14013  -0.22270   0.21577  -0.56591  -0.00970  -0.45156   0.29559   0.13980   0.05745  -0.33927  -0.11680  -0.01722   0.14632   0.13954  -0.15533   0.26080  -0.16020  -0.05247  -0.59358  -0.09919   0.05833   0.04186   0.00699   0.16502   0.13145  -0.26939  -0.12332  -0.02725   0.15041   0.28078  -0.21263  -0.03591   0.07225   0.13453  -0.29806  -0.12117   0.04385   0.11883  -0.12610   0.08437   0.04429  -0.04417  -0.13844  -0.07418   0.17199   0.11648  -0.15883  -0.03130   0.07192   0.09269  -0.19458  -0.13347   0.09242   0.00869   0.01289   0.21052   0.06642  -0.47903  -0.15056  -0.03869   0.15999   0.12761  -0.13590   0.03108   0.06231   0.09047  -0.21747  -0.09200   0.05203   0.02643   0.00138
  -0.46915   0.14570  -0.48715   0.26758   0.14219   0.11124  -0.28730  -0.11945  -0.04167   0.15574   0.20802  -0.16438   0.01157   0.05030   0.09237  -0.20856  -0.12830   0.07006   0.02567   0.00726  -0.57112   0.61770  -2.04403   0.01808  -0.68021   0.43985  -1.05891  -0.05572  -0.41608   0.55249  -0.82422  -0.25990  -0.52952   0.42087  -1.13331   0.14060  -0.59022   0.56291  -1.97904  -0.16745  -0.83108   0.42550  -1.30178  -0.09878  -0.87869   0.52681  -1.61831  -0.21388  -0.61758   0.39847  -1.51946   0.07537  -0.54750   0.66189  -1.55996  -0.11840  -0.78851   0.41632  -1.35270  -0.17481  -0.63021   0.53005  -1.37326  -0.16625  -0.48042   0.42710  -1.01533   0.14055  -0.44502   0.55752  -2.02101  -0.07700  -0.79351   0.36638  -1.28728  -0.03495  -0.71308   0.55901  -1.53951  -0.09106  -0.51618   0.41985  -1.20308  -0.00497
  -0.07591   0.12253  -0.01269  -0.02056  -0.55189   0.60042  -1.93581  -0.07007  -0.80774   0.40029  -1.29829  -0.05066  -0.71856   0.54617  -1.42726  -0.08195  -0.56244   0.43179  -1.29872   0.06059   0.40721  -5.39641  -5.39641  -5.39641   0.39841  -5.39641  -5.39641  -5.39641   0.49807  -5.39641  -5.39641  -5.39641   0.57576  -5.39641  -5.39641  -5.39641   0.58827  -5.39641  -5.39641  -5.39641   0.45433  -5.39641  -5.39641  -5.39641   0.65596  -5.39641  -5.39641  -5.39641   0.73985  -5.39641  -5.39641  -5.39641   0.47625  -5.39641  -5.39641  -5.39641   0.46966  -5.39641  -5.39641  -5.39641   0.52139  -5.39641  -5.39641  -5.39641   0.65239  -5.39641  -5.39641  -5.39641   0.50198  -5.39641  -5.39641  -5.39641   0.48225  -5.39641  -5.39641  -5.39641   0.56975  -5.39641  -5.39641  -5.39641   0.68395  -5.39641  -5.39641  -5.39641
  -0.65001   0.49603  -1.48299  -0.01451   0.48142  -5.39641  -5.39641  -5.39641   0.45066  -5.39641  -5.39641  -5.39641   0.53543  -5.39641  -5.39641  -5.39641   0.65961  -5.39641  -5.39641  -5.39641  -5.39641  -1.89133   0.68951  -5.39641  -5.39641  -5.39641  -5.39641  -5.39641  -5.39641  -5.39641  -5.39641  -5.39641  -5.39641  -5.39641  -5.39641  -5.39641  -5.39641  -2.47948   0.54918  -5.39641  -5.39641  -5.39641  -5.39641  -5.39641  -5.39641  -5.39641  -5.39641  -5.39641  -5.39641  -5.39641  -5.39641  -5.39641  -5.39641  -1.24999   0.54365  -5.39641  -5.39641  -5.39641  -5.39641  -5.39641  -5.39641  -5.39641  -5.39641  -5.39641  -5.39641  -5.39641  -5.39641  -5.39641  -5.39641  -2.13862   0.70117  -5.39641  -5.39641  -5.39641  -5.39641  -5.39641  -5.39641  -5.39641  -5.39641  -5.39641  -5.39641  -5.39641  -5.39641  -5.39641
   0.53123  -5.39641  -5.39641  -5.39641  -5.39641  -2.23930   0.62243  -5.39641  -5.39641  -5.39641  -5.39641  -5.39641  -5.39641  -5.39641  -5.39641  -5.39641  -5.39641  -5.39641  -5.39641  -5.39641  -5.39641  -5.39641  -5.39641  -5.39641   0.05280  -0.05231   0.41210  -0.17903  -0.07480  -0.13819   0.27051  -0.29730  -5.39641  -5.39641  -5.39641  -5.39641  -5.39641  -5.39641  -5.39641  -5.39641  -5.39641  -5.39641  -5.39641  -5.39641  -5.39641  -5.39641  -5.39641  -5.39641  -5.39641  -5.39641  -5.39641  -5.39641  -5.39641  -5.39641  -5.39641  -5.39641  -5.39641  -5.39641  -5.39641  -5.39641  -5.39641  -5.39641  -5.39641  -5.39641  -5.39641  -5.39641  -5.39641  -5.39641  -5.39641  -5.39641  -5.39641  -5.39641  -5.39641  -5.39641  -5.39641  -5.39641  -5.39641  -5.39641  -5.39641  -5.39641  -5.39641  -5.39641  -5.39641  -5.39641
  -5.39641  -2.31653   0.68634  -5.39641  -5.39641  -5.39641  -5.39641  -5.39641   0.10505  -0.09651   0.42916  -0.20891  -0.03744  -0.15473   0.26720  -0.32742  -5.39641  -5.39641  -5.39641  -5.39641  -5.39641  -5.39641  -5.39641  -5.39641  -5.39641  -5.39641  -5.39641  -5.39641  -5.39641  -5.39641  -5.39641  -5.39641  -5.39641  -5.39641  -5.39641  -5.39641  -0.75807  -0.45977  -0.13411   0.42832  -0.64257  -0.02236   0.17000   0.24420  -0.26049   0.14314  -0.66695   0.27408  -0.49903  -0.05862  -0.09756   0.24114  -0.10969   0.00595  -0.13492   0.22017  -0.11225  -0.01409   0.06548   0.09198  -0.04362  -0.08400  -0.12694   0.20399  -0.19614  -0.04258   0.05501   0.07867  -5.39641  -5.39641  -5.39641  -5.39641  -5.39641  -5.39641  -5.39641  -5.39641  -5.39641  -5.39641  -5.39641  -5.39641  -5.39641  -5.39641  -5.39641  -5.39641
  -0.04134  -0.14815   0.35980  -0.40640  -0.10513  -0.02907  -0.05959   0.15618  -0.13166   0.02523   0.12929   0.07037  -0.02965  -0.04629  -0.13266   0.15728  -0.18938  -0.07848   0.14183   0.01965  -0.02363   0.11401  -0.08981   0.02222  -0.05994   0.05010   0.31519  -0.04572   0.01660   0.07688  -0.09457  -0.00315  -0.15034   0.07699   0.14643  -0.07493   0.04196   0.03062  -0.08055   0.01092  -0.08904   0.06947   0.18487  -0.00952   0.00016  -0.00370   0.03354  -0.03623  -0.12795   0.05065   0.07290  -0.05873   0.00144   0.06239  -0.04392   0.00327  -0.05217  -0.00315   0.12143   0.02810   0.01745   0.03755  -0.14638   0.07087  -0.07353   0.02621   0.06953  -0.04636  -0.12278   0.18848  -0.13925   0.05010  -0.08814   0.06844   0.24994  -0.01649  -0.01727   0.07767  -0.01807  -0.02865  -0.11653   0.11286   0.07175  -0.05544
