9 84 3 1 0  -3.975   2.594   4.292 257384
   0.05555   0.23854  -0.04747  -0.36840   0.28964  -0.23675  -0.29857  -0.27616   0.32201  -0.51205   0.01618  -0.43194   0.36044  -0.28060  -0.35836  -0.34518   0.13947  -0.07532   0.07372  -0.14913  -0.67541  -0.97322   0.62222  -0.73608  -0.17937  -0.56588   0.94242  -0.16476  -0.25129  -0.65579   0.42432  -0.33507  -0.69346  -0.82332   0.54856  -0.60816  -0.60105  -1.13657   0.49926  -0.93357  -0.18651  -0.58535   0.95132  -0.18722  -0.29164  -0.78302   0.43851  -0.53642  -0.60257  -0.97675   0.47363  -0.61732  -0.65346  -0.97738   0.48114  -0.64390  -0.18322  -0.59759   0.90361  -0.12424  -0.34058  -0.71407   0.47853  -0.55222  -0.69842  -0.86084   0.45458  -0.61772  -0.47687  -0.74407   0.58709  -0.51523  -0.15017  -0.59103   1.07504  -0.19643  -0.33940  -0.78556   0.46193  -0.42298  -0.60472  -0.82269   0.61151  -0.53084
   0.33759  -0.30071  -0.24857  -0.32029  -0.64381  -1.01046   0.55994  -0.77988  -0.16922  -0.58778   0.96995  -0.17510  -0.30907  -0.72008   0.45382  -0.42240  -0.64742  -0.87720   0.53214  -0.60444  -2.32241  -5.41058   0.68954  -5.41058  -1.56500  -5.41058   1.27977  -5.41058  -2.90640  -5.41058   0.59701  -5.41058  -2.13024  -5.41058   0.62319  -5.41058  -1.93424  -5.41058   0.54817  -5.41058  -1.44124  -5.41058   1.26135  -5.41058  -2.39189  -5.41058   0.55013  -5.41058  -1.89406  -5.41058   0.53825  -5.41058  -2.04035  -5.41058   0.54621  -5.41058  -1.60326  -5.41058   1.23419  -5.41058  -2.81271  -5.41058   0.59929  -5.41058  -2.79014  -5.41058   0.51993  -5.41058  -1.54718  -5.41058   0.69782  -5.41058  -1.07493  -5.41058   1.39709  -5.41058  -2.68433  -5.41058   0.59281  -5.41058  -1.88981  -5.41058   0.70607  -5.41058
  -0.48584  -0.89949   0.59231  -0.60369  -2.06063  -5.41058   0.62161  -5.41058  -1.42240  -5.41058   1.29573  -5.41058  -2.80648  -5.41058   0.59366  -5.41058  -2.04896  -5.41058   0.60631  -5.41058  -5.41058  -5.41058  -5.41058   0.59760  -5.41058  -5.41058  -5.41058  -5.41058  -5.41058  -1.62530  -5.41058   0.63731  -5.41058  -5.41058  -5.41058  -5.41058  -5.41058  -5.41058  -5.41058   0.59858  -5.41058  -5.41058  -5.41058  -5.41058  -5.41058  -1.91749  -5.41058   0.58722  -5.41058  -5.41058  -5.41058  -5.41058  -5.41058  -5.41058  -5.41058   0.64927  -5.41058  -5.41058  -5.41058  -5.41058  -5.41058  -1.28094  -5.41058   0.65083  -5.41058  -5.41058  -5.41058  -5.41058  -5.41058  -5.41058  -5.41058   0.50282  -5.41058  -5.41058  -5.41058  -5.41058  -5.41058  -1.71400  -5.41058   0.55417  -5.41058  -5.41058  -5.41058  -5.41058
  -2.41502  -5.41058   0.68628  -5.41058  -5.41058  -5.41058  -5.41058   0.58470  -5.41058  -5.41058  -5.41058  -5.41058  -5.41058  -1.30220  -5.41058   0.60473  -5.41058  -5.41058  -5.41058  -5.41058  -5.41058  -5.41058  -5.41058  -5.41058  -5.41058  -5.41058  -5.41058  -5.41058  -5.41058  -5.41058  -5.41058  -5.41058   0.48662  -0.36071  -0.51762  -0.93204  -5.41058  -5.41058  -5.41058  -5.41058  -5.41058  -5.41058  -5.41058  -5.41058  -5.41058  -5.41058  -5.41058  -5.41058  -5.41058  -5.41058  -5.41058  -5.41058  -5.41058  -5.41058  -5.41058  -5.41058   0.39324  -0.77270   0.13440  -0.96003  -5.41058  -5.41058  -5.41058  -5.41058   0.42963  -0.77306   0.04597  -0.92676  -5.41058  -5.41058  -5.41058  -5.41058  -5.41058  -5.41058  -5.41058  -5.41058  -5.41058  -5.41058  -5.41058  -5.41058  -5.41058  -5.41058  -5.41058  -5.41058
  -5.41058  -1.29627  -5.41058   0.52540  -5.41058  -5.41058  -5.41058  -5.41058   0.37424  -0.73332   0.19810  -0.98194  -5.41058  -5.41058  -5.41058  -5.41058   0.43703  -0.80846   0.13265  -0.98608  -5.41058  -5.41058  -5.41058  -5.41058  -5.41058  -5.41058  -5.41058  -5.41058  -5.41058  -5.41058  -5.41058  -5.41058  -5.41058  -5.41058  -5.41058  -5.41058   0.45437  -0.63339  -0.35731  -0.43263   0.13558  -0.13776   0.44875  -0.26913   0.46407  -0.28698  -0.20349  -0.65455   0.22452  -0.28255   0.23363  -0.59045  -5.41058  -5.41058  -5.41058  -5.41058  -5.41058  -5.41058  -5.41058  -5.41058  -5.41058  -5.41058  -5.41058  -5.41058  -5.41058  -5.41058  -5.41058  -5.41058   0.30556  -0.29166  -0.19463  -0.32449   0.31582  -0.60251   0.17564  -0.28105   0.46580  -0.52210  -0.36458  -0.80763   0.26446  -0.39449   0.09378  -0.12637
   0.31044  -0.81228   0.20881  -0.93494   0.28598  -0.29236  -0.27363  -0.24497   0.28226  -0.58266   0.07850  -0.24339   0.43128  -0.54348  -0.36314  -0.75386   0.23920  -0.38778  -0.00149  -0.05683  -0.49297  -0.41742   0.54819  -0.42352  -0.19019  -0.06636   0.74669  -0.09671  -0.55393  -0.53768   0.49662  -0.58277  -0.43101  -0.26470   0.43512  -0.30548  -1.16179  -1.17801   0.52334  -0.97245  -0.41992  -0.21508   0.94015  -0.15160  -0.68825  -0.63501   0.46048  -0.47490  -0.89224  -0.31015   0.43656  -0.62070  -1.06822  -0.87875   0.51611  -1.04278  -0.45628  -0.25327   1.01192  -0.39167  -1.01016  -0.93485   0.56150  -0.89634  -1.03627  -0.69576   0.47603  -0.87582  -0.52639  -0.90422   0.62497  -0.82657  -0.23494  -0.49735   1.13369  -0.28002  -0.55779  -0.84702   0.49854  -0.47587  -0.86265  -0.69014   0.64540  -0.79721
   0.36354  -0.42314  -0.22193  -0.39236  -0.59250  -0.61423   0.53170  -0.61381  -0.21401  -0.14745   0.88308  -0.18898  -0.62304  -0.65033   0.51344  -0.66550  -0.44093  -0.37955   0.45464  -0.39879  -0.15904  -0.06173   0.10128   0.12804  -0.14903  -0.00564   0.29853   0.08351  -0.27467  -0.13365  -0.21284   0.36305  -0.11240  -0.15458   0.11165   0.05406  -0.14390  -0.16496   0.17538  -0.00338  -0.11708  -0.00524   0.41254   0.00037  -0.37992  -0.16353  -0.12220   0.31353  -0.13462  -0.20048   0.17095  -0.00200  -0.16558  -0.10675   0.18322  -0.01653  -0.19729  -0.00692   0.45589   0.02697  -0.22907  -0.13286  -0.20822   0.35474   0.05672  -0.15596   0.06013  -0.03078  -0.05905  -0.12432   0.11124   0.03311  -0.19869   0.19404   0.23069  -0.06500  -0.22620  -0.23821  -0.20027   0.30791  -0.12520  -0.14710   0.06328   0.08022
  -0.50441  -0.54706   0.57169  -0.55338  -0.11695  -0.11143   0.10532   0.07817  -0.13421   0.02259   0.34989   0.02324  -0.24438  -0.15110  -0.20785   0.33296  -0.07438  -0.18088   0.11246   0.03789  -0.03994   0.02697  -0.00234   0.04220   0.01839  -0.06208   0.23561  -0.03418  -0.10309  -0.02547  -0.08644   0.18784   0.11458  -0.12719   0.03871  -0.08637  -0.07596  -0.00560   0.07669  -0.01835  -0.08252  -0.09508   0.36814   0.04612  -0.18167   0.05789   0.01837   0.04648   0.01885  -0.09746   0.09959  -0.05453  -0.00057   0.03523   0.03548  -0.07846   0.01722  -0.03173   0.40281  -0.12710   0.00871   0.06596   0.06265  -0.20258   0.12112  -0.09295   0.06617  -0.15199   0.02330   0.02048  -0.08607   0.01368   0.02434  -0.03466   0.24082  -0.03393  -0.06637   0.01169  -0.03730   0.07679   0.09441  -0.09890  -0.00058  -0.00947
  -0.21120  -0.13134  -0.05313   0.21624  -0.00443   0.00626   0.07679  -0.08293  -0.00369  -0.01289   0.42826  -0.10511  -0.01491   0.06923   0.02465  -0.07915   0.12281  -0.12498   0.13495  -0.17696  -0.05138   0.07558   0.02499   0.00469  -0.12185   0.10623   0.15196   0.01663  -0.08569   0.13449   0.03691  -0.07907  -0.07782  -0.02491   0.05921   0.02421  -0.11812   0.07211   0.05296  -0.02238  -0.12796   0.11685   0.28285  -0.05118  -0.19984   0.15553   0.11558  -0.23454  -0.12495  -0.03824   0.05654   0.03732  -0.08646   0.12528   0.05209  -0.05962  -0.19697   0.12550   0.29341  -0.03515  -0.15880   0.11688   0.13220  -0.15788   0.02153   0.01537   0.01624  -0.04670  -0.10147   0.08089  -0.04654   0.06474  -0.06817   0.07811   0.20827  -0.03264  -0.07603   0.09945   0.01015  -0.02174  -0.05349  -0.00356   0.06288  -0.00547
