IntronPotTab 1 1024 97574.0 
  1.8830121e-02
 -4.6339422e-03
 -4.7159987e-03
 -2.2239098e-02
  3.5785509e-03
  1.5472486e-02
 -1.7163780e-02
 -3.6903291e-03
 -5.3289598e-03
  1.0307966e-02
 -3.2561816e-02
  1.7529106e-02
 -1.6174384e-03
 -1.8230137e-04
  7.8600068e-03
 -4.2186095e-03
  2.1807637e-02
  1.2898959e-03
 -3.7582286e-02
 -1.0073008e-02
  8.6331042e-03
  3.1463817e-02
 -2.5581257e-02
 -2.6251383e-02
  4.1888952e-03
  1.1337209e-02
 -3.0955046e-02
  1.1903108e-02
  2.0119587e-02
 -1.5611513e-02
 -1.9343553e-02
  9.1824112e-03
  1.7681779e-02
 -2.9196225e-02
 -2.2585373e-03
 -8.0566490e-03
  1.0726785e-02
  1.8545951e-03
 -4.4655590e-03
 -1.1488948e-02
 -2.8698217e-02
  1.2368449e-02
  3.4419671e-02
 -4.8902379e-03
 -1.3499179e-02
 -2.4237474e-02
  1.4006236e-02
  1.0481698e-02
 -4.6834988e-03
 -6.4332755e-03
 -9.4272813e-04
  8.3687026e-03
  1.6017806e-02
 -1.3855253e-02
 -1.7043328e-03
 -8.5482914e-03
  4.5174952e-03
  4.0214504e-03
 -2.4186237e-02
  1.2153134e-02
 -1.6499438e-03
 -8.3705727e-03
  1.2840832e-02
 -2.7864845e-03
  1.9242687e-02
 -4.0421570e-03
 -3.9739799e-02
 -3.3610635e-03
  3.1473495e-02
 -3.3476576e-02
 -4.0582359e-02
 -1.0664106e-02
  1.9873960e-02
 -2.9109817e-03
 -5.0120942e-02
  1.5264803e-02
  2.2125145e-02
 -5.5528361e-02
 -1.4658283e-02
  1.5254205e-02
  4.2659633e-02
  3.0779878e-03
 -9.7738795e-02
  2.1643205e-02
  1.7696742e-02
  3.4560546e-02
 -3.8331028e-02
 -4.1574579e-02
  1.6368143e-02
  1.2330910e-02
 -4.7562424e-02
 -5.7638488e-03
  3.7988134e-02
 -3.7769124e-02
 -3.3371739e-02
  2.6699785e-02
  4.2184178e-02
 -2.2923458e-02
 -4.1175410e-02
 -8.4780715e-03
  2.7614538e-02
 -1.0761481e-02
 -2.3123726e-02
 -1.2089910e-02
  6.5374968e-04
  3.6013834e-02
 -6.7416653e-02
  2.1691425e-02
  2.3485277e-02
 -3.7832975e-02
 -1.3730010e-02
  1.5443407e-02
  3.3530276e-02
 -4.5263335e-02
 -1.6019868e-02
 -1.7017858e-03
  3.4715477e-02
 -4.6227559e-02
 -2.7315907e-02
  2.6229087e-02
  3.6239456e-02
  6.1334465e-03
 -8.5510738e-02
  3.7754640e-02
  1.7904607e-03
 -4.0323287e-02
 -1.2946107e-02
  2.4950523e-02
  4.1051101e-02
 -2.0061640e-02
 -5.8630541e-02
 -6.2082857e-03
  2.9047539e-02
 -2.3138769e-02
 -3.6193371e-02
  6.5593692e-03
  2.5325868e-02
 -1.2265429e-02
 -2.9485390e-02
  4.9194107e-03
  4.4516601e-02
 -6.4519800e-02
 -3.6465079e-02
  2.3591498e-02
  3.2767594e-02
 -2.0022633e-02
 -4.1847311e-02
  2.1280784e-02
  2.0245809e-02
  6.5082172e-03
 -3.6399458e-02
 -1.0771644e-02
  2.1076009e-02
 -1.4722038e-02
 -2.4396587e-02
  1.1913333e-02
  2.4431532e-02
 -2.2201229e-02
 -2.2972474e-02
  2.5676098e-02
  5.4027259e-02
 -3.1713881e-02
 -3.9080583e-02
 -1.4462766e-02
  3.1303626e-02
 -3.5373595e-02
 -2.5852447e-02
  9.3715908e-03
 -1.1582200e-02
 -4.3700248e-02
  5.6721654e-02
 -6.4430228e-03
 -3.9073834e-03
 -1.1645931e-02
 -2.5188560e-02
  3.9666392e-02
  4.3781694e-02
 -1.1879527e-01
  8.3409231e-03
  2.8029719e-02
  3.5688728e-02
 -5.0831951e-02
 -3.3377162e-03
  4.2605721e-03
  6.3286535e-03
 -6.2768259e-03
 -2.8510787e-02
  3.0940842e-02
 -1.2612856e-03
 -3.5686154e-02
 -8.8781854e-03
  2.5170384e-02
  8.7990342e-03
 -4.9125170e-03
 -1.7008370e-02
 -2.1715059e-03
  2.2062952e-02
 -1.8417675e-02
 -1.1772621e-02
 -1.4613438e-02
  2.9490930e-03
 -5.8466563e-04
 -2.6860086e-02
  1.2262113e-02
  1.6932657e-02
 -1.9587480e-02
 -6.2002242e-03
 -5.8557750e-03
  1.5050969e-02
 -2.4870522e-02
 -2.0370640e-02
  1.0080903e-02
  2.1708809e-02
  1.9774839e-02
 -2.2664728e-02
 -2.8768048e-02
  9.1390191e-03
  7.7716829e-03
 -3.3259213e-02
  7.0020929e-03
  2.5986793e-02
 -4.3896303e-04
 -2.4099024e-02
  1.6084710e-03
  2.0115040e-02
 -2.9038692e-02
 -1.5447002e-02
  2.0238569e-03
  2.3779064e-02
 -1.0389295e-02
 -2.3350826e-02
 -6.4891605e-03
 -2.1241542e-02
  4.5233872e-03
  2.3562517e-02
 -2.6216812e-03
  1.4225545e-02
 -3.7838254e-02
  7.4489983e-03
  1.6370458e-03
  8.0676014e-03
 -2.0394135e-02
  9.7665610e-03
 -3.9912886e-03
  1.9360350e-02
 -7.0000230e-03
 -5.9645972e-04
 -1.7938504e-02
  1.1758918e-02
  7.3841070e-03
 -4.2651191e-02
  1.1782601e-02
  5.0081167e-04
 -1.8043711e-03
  1.6832972e-04
  5.1823840e-04
  4.4475519e-03
  6.1710146e-03
 -2.6168564e-02
  6.0573304e-03
  7.3533114e-03
  1.0304023e-02
 -4.4140201e-02
  1.0281524e-02
 -4.2318096e-03
  1.9078945e-04
 -5.4950062e-02
  3.8825471e-02
 -6.4272331e-03
 -1.1647313e-02
 -2.8514437e-02
  2.5355512e-02
 -1.6986808e-02
  4.5122523e-02
 -4.6315271e-02
 -3.5469739e-03
 -1.0269395e-02
  7.0214324e-02
 -5.3587329e-02
 -1.1698528e-02
 -4.8815734e-03
  3.0947203e-02
 -7.0378497e-02
  2.5949925e-02
 -1.3510582e-02
  1.7149497e-02
 -4.7156073e-02
  2.4296045e-02
  1.1505439e-02
  5.3887028e-04
 -3.4733571e-03
 -1.1975500e-02
  6.5879766e-03
  1.3456326e-02
 -3.3431172e-02
  4.1806917e-03
 -3.2867275e-02
  3.5871238e-02
  1.2212737e-02
 -9.4349077e-03
 -6.8870053e-02
  1.1432981e-02
 -1.7286059e-03
  2.8943079e-02
  1.4261018e-02
 -6.7667463e-03
 -5.3513065e-02
  1.0098606e-02
  7.6925983e-03
  1.8360879e-03
 -3.0870743e-02
  1.6343711e-02
 -5.0628711e-03
  1.7372794e-02
 -5.7982925e-02
  3.3453926e-02
 -5.0696018e-03
 -1.1867344e-02
 -3.6803301e-02
  2.3191290e-02
  2.0010980e-02
  5.0453498e-04
 -4.3351550e-02
  2.4267472e-03
  1.3958411e-02
 -1.2109793e-02
 -6.2160358e-02
  2.9785937e-02
  2.2539511e-02
  8.7881265e-03
 -5.3499743e-02
  5.6082751e-03
  1.2543673e-02
 -2.6710557e-02
 -4.7182936e-02
  3.1782046e-02
  9.5933033e-03
  1.3834211e-02
 -6.1585128e-02
  2.4363108e-02
 -1.7078824e-02
  3.8205575e-02
 -4.8722371e-02
  9.5213363e-03
  3.5630830e-02
  3.7540872e-02
 -2.1934487e-02
 -6.6317208e-02
 -2.2117382e-02
  5.7128286e-03
 -3.7524283e-02
  3.1404532e-02
  4.0765237e-02
 -1.2349207e-02
 -5.5377685e-02
  3.6364913e-04
  1.4315471e-02
 -1.4063117e-02
 -4.3107402e-02
  2.0510290e-02
 -4.7405824e-02
  8.4703090e-03
  3.0555746e-02
  2.0700673e-02
 -1.0667181e-01
  1.8433983e-02
 -1.0640841e-02
  6.2366858e-02
  1.9238427e-02
 -3.8078640e-02
 -1.2940001e-02
  1.3124226e-02
  6.3545210e-03
 -3.2344181e-02
 -3.8995903e-02
  6.3034065e-02
  1.1913636e-02
 -1.0350404e-03
 -6.4229548e-02
  5.5095743e-02
  1.6753143e-03
 -3.7332390e-02
 -4.7554508e-02
  4.6965849e-02
  2.9662939e-02
 -2.2324687e-02
 -6.5717623e-02
  1.3730942e-02
  9.1243684e-03
  1.1243757e-03
 -4.5876250e-02
  2.4083624e-02
  5.1515410e-03
  1.2710679e-02
 -5.4864645e-02
  2.6249655e-02
  1.5577039e-02
 -4.3670908e-02
 -4.8255827e-02
  4.8816655e-02
  9.9052396e-03
  7.9348423e-03
 -4.6031609e-02
  2.5416065e-02
 -1.3103032e-03
  3.9832693e-02
 -5.3306013e-02
  1.3491659e-02
 -8.3138132e-03
  9.9548288e-03
 -3.5361212e-02
  2.9792460e-02
 -9.1383485e-03
  8.3509274e-03
 -4.5743786e-02
  4.1848000e-02
  3.6114704e-02
 -2.2697810e-02
 -3.1667102e-02
 -3.0216731e-03
  5.7198796e-03
 -1.3826364e-02
 -3.0925861e-02
  3.2060321e-02
 -1.0921479e-01
  2.4073536e-02
  7.9545073e-02
  2.7962392e-02
 -2.1085454e-02
 -6.1103351e-02
 -2.8574260e-02
  7.3422894e-02
  4.1581810e-02
 -1.3537970e-01
 -1.4536235e-02
  6.1045334e-02
  2.3310242e-02
 -3.4329053e-02
 -1.4297136e-02
  1.9481990e-02
 -1.0468124e-02
  3.9229533e-03
 -6.5838978e-02
  6.0917970e-02
 -1.7302865e-02
 -3.2533888e-02
 -2.9061748e-02
  4.1084167e-02
 -4.5142598e-03
  1.8716034e-02
 -4.4189233e-02
  1.8300880e-02
  8.8799968e-03
 -8.9448495e-03
 -5.2056700e-02
  2.7767640e-02
  1.2232515e-03
  1.5464153e-03
 -3.1457767e-02
  1.6584717e-02
  2.1954436e-02
 -1.4188188e-02
 -3.5530660e-02
  9.4918571e-03
  3.4201674e-03
  1.3609171e-03
 -2.1796197e-02
  1.1210138e-02
 -8.9022024e-03
  7.6919079e-02
 -3.8393520e-02
 -1.7713517e-02
  1.9611910e-02
  2.4869762e-02
 -6.6004895e-02
  8.8081155e-03
 -2.7418742e-02
  4.5209397e-02
 -3.3889271e-02
  3.0252417e-03
  1.7301906e-02
  5.5019581e-03
 -1.4781490e-02
 -1.5739715e-02
  1.5772121e-03
  2.5123382e-02
 -1.1405628e-02
 -1.4914457e-02
 -5.0287247e-02
  4.3227848e-02
  3.3143971e-02
 -3.8512532e-02
 -3.1944774e-03
  2.1381724e-04
  2.9391686e-03
 -5.3658511e-04
  1.0001579e-02
 -3.4607869e-02
 -3.0782414e-03
  8.6288908e-03
 -4.7470620e-03
  1.1330956e-02
 -1.1120281e-02
  3.7839422e-03
  9.3713878e-03
  3.7036145e-03
 -3.8515899e-02
  2.4089307e-02
 -1.6041705e-02
  2.2679432e-03
 -9.5940866e-03
  1.2616649e-02
  1.2583255e-02
 -1.2859602e-02
 -8.7643545e-03
 -5.0405320e-03
 -2.0580662e-03
  9.3930736e-03
 -2.3202142e-02
  1.0098304e-02
 -6.4451769e-03
 -1.3174176e-03
 -3.1727415e-02
  3.2887604e-02
 -2.5860852e-05
 -2.2824192e-02
 -4.5117745e-03
  1.5810532e-02
  5.4272139e-03
 -9.0354169e-03
 -3.3251953e-03
  2.5705167e-03
 -2.9512376e-02
  5.4973416e-02
 -4.8173040e-02
  3.7365142e-02
 -9.4259130e-03
 -1.0296008e-02
 -7.9049384e-03
  3.5188098e-02
  8.6298557e-03
 -2.3657115e-02
 -1.7015478e-02
  2.1938488e-02
  1.6895075e-04
 -3.4846272e-02
  2.9402187e-02
 -8.9329323e-03
  2.1814625e-03
  1.1256956e-02
 -2.6286866e-03
 -8.9697419e-03
 -3.1504247e-02
  1.0581749e-02
  4.4005796e-02
 -9.7653437e-03
 -4.8426479e-02
 -2.5700105e-02
  2.8848382e-02
  2.0089090e-02
  1.3456677e-02
 -7.0541650e-03
 -2.7579989e-02
  4.4300775e-03
  4.3972782e-03
 -2.1387460e-02
 -2.1744198e-03
  1.6018854e-02
  7.7638007e-03
 -2.3250178e-02
 -1.4659605e-03
  1.4553399e-02
  9.9397497e-03
 -3.2698862e-02
 -2.4571044e-02
  2.2875590e-02
  1.9975284e-02
 -1.1976112e-02
 -4.9152799e-02
  9.6849529e-03
  2.9836591e-02
 -5.6928344e-02
 -3.1183222e-02
  1.5566050e-02
  9.9911569e-03
 -4.7223056e-03
 -3.9147034e-02
  2.8138230e-02
  3.0466707e-02
 -7.2891414e-02
 -1.7805418e-02
  2.5572680e-02
  1.5593471e-02
 -1.8199537e-02
 -2.1712616e-02
  1.5387495e-02
 -8.2842998e-05
  5.7873402e-02
 -3.6880031e-02
 -3.4176454e-02
  7.0463102e-03
  9.4345650e-03
 -3.0631900e-02
  7.7441190e-03
  2.1491276e-02
 -3.2130197e-02
 -1.4004885e-02
  2.3653621e-02
  3.0903716e-02
 -3.3085700e-02
 -1.7349686e-02
 -1.5155728e-03
  3.4192428e-03
 -1.0167600e-02
 -5.5471756e-03
  8.8165365e-03
 -2.2767395e-02
  4.7748806e-03
  1.8511532e-02
  4.2321179e-03
  8.8560041e-03
 -5.3426549e-02
  7.7665979e-03
  2.0527031e-02
  2.8530516e-02
 -4.6899855e-02
 -1.0881623e-02
  2.2811792e-03
  1.8984620e-02
 -4.2721279e-02
 -1.1434010e-02
  3.0318754e-02
  1.3774279e-02
 -1.5449817e-02
 -3.4065597e-02
  4.4830032e-02
  1.8598046e-02
 -5.1207189e-02
 -4.1201025e-02
  3.9354887e-02
  3.9245497e-02
 -7.4252672e-02
 -4.6307266e-02
  7.6173656e-03
  2.6685666e-02
 -8.3550356e-02
 -1.1555721e-02
  3.7473723e-02
  1.8163120e-02
 -2.0131456e-02
 -1.6496118e-02
  2.0334991e-02
  2.9241428e-02
 -7.0321336e-02
 -2.1158151e-02
  3.8906280e-02
  2.4832116e-02
 -3.2339610e-02
 -1.4827719e-02
  3.9108447e-03
  1.3021441e-02
  2.2950977e-02
 -3.9722409e-02
 -1.5027448e-02
  1.9707162e-02
 -1.5256813e-02
 -1.9373626e-02
  1.3441418e-02
  4.7986908e-03
 -2.5891241e-02
 -2.2108365e-02
  3.3630237e-02
  6.2690839e-02
 -1.3928139e-01
  3.7125315e-04
 -6.2192618e-03
 -6.3494751e-03
  4.4527790e-03
 -1.2418139e-02
  1.8272785e-02
 -1.3053944e-02
 -2.0580996e-02
  3.7532181e-02
 -1.2472241e-02
 -1.5601505e-02
 -2.6801931e-02
 -9.2158401e-03
  3.6432397e-02
  6.3986001e-03
 -4.7184121e-02
 -1.9079426e-03
  1.9066630e-02
  1.9831473e-02
 -1.0890184e-01
  3.4002084e-02
  4.3287974e-02
 -2.3578918e-02
 -2.2463420e-02
 -5.3793294e-03
  4.9938444e-02
  2.3336038e-03
 -4.0619537e-02
 -2.0097401e-02
  3.1227028e-02
  2.3616506e-02
  4.8246500e-03
 -8.3713084e-02
  1.1658079e-02
  8.5264586e-02
  2.5167599e-02
 -1.0911994e-01
 -4.7996040e-02
  6.3051824e-03
 -3.8355596e-03
 -3.3724345e-02
  1.8049056e-02
  1.2110592e-02
 -3.3850123e-03
 -1.4524137e-02
  1.7023891e-03
  1.5265402e-02
 -1.7072525e-02
  1.9876803e-03
 -8.0423299e-03
  1.8642934e-02
 -6.5129995e-02
  4.8856763e-03
  2.2973958e-02
  2.0574539e-03
 -2.5455956e-04
 -1.8998910e-02
  1.4408035e-02
  1.2356876e-02
 -3.8420886e-03
 -8.9603465e-04
 -4.3481980e-03
  3.2798320e-02
 -1.5934251e-02
 -2.5923776e-02
 -1.1337761e-02
  1.7191397e-02
 -1.5548218e-02
  1.0326167e-02
 -1.6107140e-02
 -2.9190520e-02
  3.9695371e-03
  4.4842735e-02
 -2.0733317e-02
 -1.7113883e-02
 -5.0700027e-02
  4.1518670e-02
 -1.6888512e-02
  1.1268509e-02
 -8.9992089e-03
 -1.6838163e-02
  1.4441559e-03
  6.7676371e-03
 -1.3886923e-02
 -6.1997254e-03
  9.0148514e-03
 -2.7498300e-03
 -1.5480085e-05
 -2.1726577e-02
  1.9510550e-02
 -6.2520872e-03
 -1.1875458e-02
 -1.0718309e-02
  1.4915074e-02
 -1.6546210e-03
  6.5408568e-03
 -1.7648861e-02
  6.6222423e-03
 -9.5641036e-03
  2.9432474e-02
 -4.2821541e-02
  1.3453665e-02
 -7.1015516e-03
  1.5679071e-02
 -3.3188768e-02
  1.1221692e-02
 -2.7511258e-02
  1.9289260e-03
 -4.1054175e-03
  2.0187793e-02
 -1.2572659e-02
  1.4207959e-02
 -4.4566512e-02
  2.5892571e-02
 -3.2312531e-04
  3.6138188e-02
 -5.1001638e-02
  2.1148863e-04
  2.0778410e-02
  3.9521586e-02
 -1.5662143e-01
  6.7706183e-02
  3.8425226e-02
 -2.8724957e-02
 -7.9494983e-02
  3.5795961e-02
  9.4977329e-03
 -1.9402262e-02
 -1.4028626e-02
  8.1281736e-03
  8.1986450e-03
  7.8584310e-03
 -3.7935674e-02
  4.1957153e-03
 -7.9645459e-03
  1.1815501e-02
 -7.7487221e-03
  3.1896795e-03
 -1.1255002e-02
 -2.2165569e-02
 -1.6327912e-02
  2.3734411e-02
 -1.7817823e-02
 -4.4963430e-03
 -2.2725632e-02
  1.9943094e-02
 -4.6518645e-03
 -1.6343446e-02
 -3.2428857e-02
  3.3774626e-02
 -9.4340080e-03
  6.0273092e-03
 -3.3495620e-02
  2.0797510e-02
 -1.2471948e-02
 -2.0049822e-02
 -1.1996469e-02
  1.7629735e-02
 -5.7056423e-05
 -1.4527964e-02
 -2.7373357e-02
  2.5102958e-02
  1.6057473e-02
 -4.9043704e-02
 -3.3230010e-02
  3.4508765e-02
 -1.9054986e-03
 -1.3845606e-02
 -4.4959512e-02
  4.2540327e-02
  1.0585540e-02
 -5.7907231e-02
 -2.5179699e-02
  3.6992598e-02
  1.9810749e-02
 -5.6804395e-03
 -8.2140326e-02
  4.5232259e-02
  2.7626244e-02
  6.9622070e-02
 -1.5641196e-01
  1.1551871e-02
  1.2498754e-02
  5.2580978e-03
 -6.9919586e-02
  3.3832483e-02
  4.9538661e-02
 -4.1752569e-02
 -3.7127525e-02
  3.4646168e-02
  2.6024438e-02
 -2.8428836e-02
 -1.9192368e-02
  1.3843473e-03
  8.3501656e-03
 -1.1482861e-02
 -5.1862359e-02
  2.5293192e-02
 -2.0176927e-02
  2.1533871e-03
  1.4129385e-02
  6.3216630e-03
  2.0321019e-03
 -5.7030555e-02
 -1.0434077e-02
  3.9297193e-02
  1.4056362e-02
 -3.8697902e-02
 -3.3636343e-02
  2.5358636e-02
 -7.3765023e-03
 -5.9922092e-02
 -4.3612290e-02
  7.3900834e-02
 -5.6309262e-03
 -6.9127996e-03
 -5.4247305e-02
  5.4038141e-02
  1.3593731e-02
 -4.6932936e-02
 -2.8164759e-02
  3.6211401e-02
  2.9054269e-02
 -2.8645316e-02
 -7.2155744e-02
  2.0812612e-02
  1.7505586e-02
 -3.9530702e-02
 -5.1280908e-02
  3.9331764e-02
  5.3659058e-03
 -9.6491091e-03
 -4.4100285e-02
  3.2384794e-02
  2.2144973e-02
 -7.5914361e-02
 -4.1763939e-02
  4.6485551e-02
  1.8762197e-02
 -7.2121061e-03
 -6.5669656e-02
  3.8222693e-02
  1.6211713e-02
 -6.9184015e-03
 -4.9016841e-02
  2.2427622e-02
  4.3656044e-03
 -1.9476708e-02
 -3.3280060e-02
  4.3536682e-02
  3.4115814e-02
 -1.2249107e-02
 -4.3931298e-02
  3.9175112e-02
  4.7699656e-02
 -5.4013200e-02
 -4.7010493e-02
  1.0571140e-02
  1.8182682e-02
 -1.8972410e-02
 -5.0292186e-02
  2.9927840e-02
 -9.7325156e-03
 -2.5815003e-02
  3.1657927e-02
  1.0117828e-02
  4.1400273e-03
 -5.5319875e-02
 -3.4080520e-02
  6.0396329e-02
 -7.1370229e-03
 -1.7021695e-02
 -3.1584218e-02
  2.9557806e-02
  1.8902542e-02
 -4.6336729e-02
 -2.0029085e-02
  3.3870030e-02
 -2.8869266e-02
 -5.0689215e-03
 -6.8607382e-02
  5.8080114e-02
 -1.3332957e-02
 -4.3001872e-02
 -1.6724618e-02
  3.3551890e-02
 -4.4751415e-04
  8.7943900e-04
 -1.9326638e-02
  1.0157228e-02
 -6.8113669e-03
  7.7314657e-04
 -2.1961659e-02
  2.0122850e-02
 -3.0865057e-03
  5.1066191e-03
 -2.3826847e-02
  1.1776958e-02
 -9.3336245e-03
 -1.9027686e-03
  3.4376830e-03
  4.6612914e-03
  1.0553000e-02
 -7.6102647e-03
 -4.2705771e-02
  2.0215468e-02
 -4.4057760e-03
  3.5208963e-02
 -3.1707507e-02
 -3.6343855e-03
 -3.9350716e-03
  8.5768150e-03
 -2.9725404e-02
  2.0687986e-02
  5.6504882e-03
 -5.9697148e-05
 -1.5473691e-02
  6.9880830e-03
  1.0817540e-02
 -8.5227629e-03
 -1.3159220e-02
  1.9394614e-04
  6.4349212e-03
  5.0574448e-03
 -2.7717460e-02
  3.6468885e-03
 -3.8248274e-02
  1.7471472e-02
  7.0548174e-03
  6.3947230e-03
 -2.4173621e-02
 -2.6035598e-02
  5.8925455e-03
  2.0378860e-02
 -3.3418641e-03
 -8.5235024e-03
 -1.6990172e-02
  1.3430827e-02
 -7.0713721e-03
  4.9444414e-03
 -7.7469829e-03
  8.6977072e-03
 -1.7657893e-02
  1.2024689e-02
 -3.2598898e-02
  2.6009664e-02
 -1.7432835e-02
  2.6884617e-03
 -9.4113629e-03
  1.2398538e-02
