27 84 26 1 0  -6.301   2.431   5.039 49439
   0.05702  -0.04166  -0.27417   0.10205   0.02298  -0.00420  -0.35785   0.11856  -0.03124  -0.00310  -0.23978   0.15078   0.06746  -0.05618  -0.28822   0.13890   0.16316  -0.05021  -0.23069   0.01918  -0.11092   0.10210  -0.33296   0.17006  -0.08483   0.00773  -0.25971   0.17652  -0.01039  -0.04190  -0.22302   0.14967   0.07388  -0.01494  -0.22813   0.05084   0.02714   0.01073  -0.43254   0.16089  -0.01422   0.06017  -0.23231   0.10497   0.05596  -0.01551  -0.31104   0.13652   0.27856  -0.09268  -0.27925   0.00872  -0.01197   0.01429  -0.38130   0.17501  -0.04414  -0.02700  -0.28208   0.17870  -0.00385  -0.08930  -0.22186   0.21042   0.14898  -0.15503  -0.20694   0.08321   0.12885  -0.07552  -0.46036   0.01740   0.02191  -0.02965  -0.28041   0.14746   0.15062  -0.10782  -0.28579   0.10910   0.17672  -0.06266  -0.22290   0.00565
   0.06054  -0.04378  -0.27284   0.09955   0.01629   0.01305  -0.41784   0.12903  -0.02958  -0.00245  -0.26017   0.15516   0.06511  -0.07483  -0.26140   0.14413   0.16008  -0.06424  -0.24144   0.03215  -0.09414   0.09332  -0.43101   0.17913  -0.10663   0.03235  -0.31676   0.19133  -0.05486  -0.04041  -0.25800   0.18688   0.06608  -0.01814  -0.19706   0.04816   0.03112   0.00899  -0.48820   0.16966  -0.02265   0.04054  -0.23983   0.13273   0.03948  -0.03339  -0.31509   0.16812   0.28023  -0.06179  -0.35239   0.01895  -0.02807  -0.01389  -0.37464   0.19954  -0.05517  -0.08336  -0.24110   0.20448  -0.00568   0.00366  -0.33356   0.18035   0.15415  -0.13546  -0.25142   0.08974   0.13344  -0.07243  -0.54117   0.02147   0.03034  -0.02995  -0.30842   0.14930   0.16546  -0.11143  -0.35478   0.11984   0.16092  -0.07595  -0.22686   0.02489
   0.05721  -0.04512  -0.29299   0.10922   0.02229   0.00727  -0.48762   0.13819  -0.03720  -0.00726  -0.28347   0.17051   0.06172  -0.06723  -0.31540   0.15953   0.15250  -0.06188  -0.25219   0.04121  -0.10583   0.10563  -0.37115   0.17161  -0.11219   0.03071  -0.32442   0.19714  -0.00739  -0.04080  -0.35759   0.18171   0.07125  -0.04153  -0.18051   0.04822   0.02808  -0.01963  -0.45632   0.18150  -0.04428   0.05737  -0.26769   0.15210   0.03133   0.02147  -0.31458   0.13367   0.28634  -0.07711  -0.33664   0.01527  -0.03156   0.01109  -0.38307   0.19299  -0.03630  -0.06899  -0.29991   0.19906   0.06145  -0.04943  -0.25289   0.13400   0.17103  -0.17577  -0.18964   0.06489   0.13913  -0.08509  -0.51408   0.01572   0.00413  -0.00773  -0.28200   0.14852   0.14538  -0.10051  -0.33887   0.12742   0.16976  -0.04970  -0.22856   0.00773
   0.05500  -0.04717  -0.32274   0.12032   0.02089   0.00587  -0.45313   0.13450  -0.05025   0.00554  -0.28966   0.17473   0.06886  -0.06179  -0.31594   0.15009   0.16047  -0.06652  -0.23729   0.03133  -0.10972   0.11290  -0.43007   0.18025  -0.09649   0.03703  -0.33648   0.18628  -0.05308  -0.00107  -0.36532   0.18641   0.07224  -0.03054  -0.18110   0.04298   0.01954   0.01734  -0.53610   0.18415  -0.02043   0.00802  -0.19148   0.13478   0.05899   0.01927  -0.35441   0.11924   0.27318  -0.08719  -0.29421   0.01781   0.02124  -0.00683  -0.46573   0.17315  -0.04727  -0.10710  -0.31621   0.22685  -0.04274  -0.00699  -0.28524   0.20292   0.15153  -0.17325  -0.22617   0.09497   0.15479  -0.12131  -0.60455   0.02025  -0.00482  -0.01602  -0.32291   0.17206   0.15461  -0.11689  -0.31300   0.11988   0.13473  -0.03443  -0.21110   0.02225
   0.05593  -0.04684  -0.30803   0.11542   0.03281   0.00188  -0.53074   0.13705  -0.04336  -0.01027  -0.28860   0.17823   0.06061  -0.05657  -0.31524   0.15364   0.14346  -0.05802  -0.22834   0.03854  -0.10653   0.10302  -0.39546   0.17760  -0.08421   0.02075  -0.27080   0.17223  -0.02691   0.00538  -0.36119   0.16520   0.05324  -0.04082  -0.18007   0.06168  -0.00269   0.03167  -0.60275   0.20504  -0.04223   0.04598  -0.16802   0.12016   0.01185  -0.02070  -0.28360   0.17449   0.25414  -0.08116  -0.32943   0.04693  -0.01710  -0.01172  -0.41469   0.19840  -0.03066  -0.09082  -0.35351   0.21636  -0.03012  -0.04705  -0.25117   0.21220   0.15219  -0.16551  -0.18922   0.07672   0.14197  -0.08378  -0.57532   0.01920  -0.00892  -0.03331  -0.24227   0.16088   0.12414  -0.07657  -0.35457   0.13673   0.11513  -0.03394  -0.21022   0.03543
   0.05455  -0.04754  -0.31906   0.11993   0.01785   0.01323  -0.50957   0.14292  -0.04473  -0.01130  -0.24045   0.16647   0.04251  -0.05221  -0.31633   0.16609   0.12619  -0.05964  -0.22984   0.05325  -0.10452   0.10633  -0.45604   0.18374  -0.09722   0.03483  -0.22470   0.16263   0.01888  -0.03621  -0.32298   0.15275   0.04315  -0.03098  -0.17228   0.06236   0.02892   0.00913  -0.54378   0.18153  -0.04050   0.05044  -0.16629   0.11403   0.03263  -0.02086  -0.32330   0.16855   0.24896  -0.07525  -0.29520   0.03571  -0.03638   0.03280  -0.44307   0.19873  -0.01409  -0.06342  -0.27362   0.17367  -0.03024  -0.10719  -0.20686   0.23510   0.09574  -0.14242  -0.19065   0.11005   0.13703  -0.09847  -0.61054   0.03563  -0.02450  -0.01703  -0.23223   0.15908   0.10953  -0.08036  -0.26731   0.12270   0.09066  -0.00586  -0.19457   0.03412
   0.04071  -0.04457  -0.30583   0.12659   0.01983   0.01049  -0.53878   0.14656  -0.05140   0.00273  -0.21586   0.15582   0.04711  -0.06844  -0.26709   0.15735   0.10677  -0.04215  -0.21552   0.05491  -0.12079   0.10822  -0.37136   0.18088  -0.05921   0.03019  -0.19353   0.12753  -0.00942  -0.07948  -0.22010   0.17084   0.04814  -0.00611  -0.17635   0.04939   0.02471  -0.00200  -0.70119   0.21199  -0.02768   0.03704  -0.18330   0.11814   0.04092  -0.01207  -0.36255   0.16622   0.18548  -0.04194  -0.28664   0.06807  -0.01264  -0.05551  -0.39340   0.20834   0.02187  -0.06973  -0.27438   0.14717  -0.05700  -0.06094  -0.21681   0.22848   0.10163  -0.14015  -0.19096   0.10556   0.12922  -0.11038  -0.62500   0.05137  -0.02120  -0.02108  -0.26930   0.17114   0.09411  -0.08748  -0.31050   0.15338   0.04817  -0.00551  -0.20838   0.06329
   0.03277  -0.03818  -0.28996   0.12557   0.01224  -0.00207  -0.52179   0.15694  -0.03092  -0.00324  -0.22302   0.14528   0.03437  -0.07281  -0.28154   0.17474   0.08043  -0.02734  -0.22057   0.06822  -0.10346   0.09798  -0.42745   0.18301  -0.06944   0.04787  -0.20552   0.12919  -0.00137  -0.03713  -0.30919   0.16435   0.01917   0.02199  -0.16067   0.05178   0.00895  -0.00719  -0.62097   0.21806  -0.02559   0.05165  -0.19330   0.10870   0.05799  -0.01608  -0.33871   0.14423   0.07560   0.03057  -0.29686   0.10153   0.00771   0.00575  -0.37724   0.16073  -0.04519  -0.02323  -0.23598   0.16517  -0.04436  -0.06528  -0.20737   0.21951   0.05093  -0.14580  -0.17569   0.13199   0.07200  -0.06938  -0.61303   0.09688  -0.05630   0.03437  -0.24842   0.15332   0.07517  -0.05210  -0.32361   0.15112   0.02281   0.01730  -0.20607   0.06606
   0.02272  -0.03790  -0.29159   0.13384  -0.00825   0.01093  -0.52797   0.16964  -0.05389   0.03168  -0.21675   0.13981   0.03144  -0.04976  -0.29649   0.16735   0.03611   0.00446  -0.21412   0.07889  -0.10175   0.11581  -0.45541   0.17676  -0.09379   0.11278  -0.24205   0.11694  -0.01603  -0.01091  -0.36597   0.17024  -0.01498   0.03222  -0.15902   0.06900  -0.01360   0.02522  -0.63737   0.22137  -0.08844   0.07183  -0.19435   0.15571   0.00442   0.02585  -0.36438   0.17197   0.01318   0.01952  -0.30556   0.14058   0.00153  -0.02817  -0.41217   0.18954  -0.07179   0.00942  -0.24741   0.16778  -0.08066  -0.05461  -0.20165   0.23419   0.03617  -0.13677  -0.20695   0.14884   0.01969   0.00821  -0.63947   0.11500  -0.08932   0.05401  -0.26491   0.16590   0.01156  -0.05771  -0.35112   0.20190  -0.04115   0.03838  -0.21208   0.08792
  -0.00549  -0.01184  -0.28711   0.14060  -0.03235   0.04420  -0.55247   0.17672  -0.09177   0.06595  -0.23300   0.15032  -0.01906  -0.03784  -0.32282   0.20278  -0.01198   0.01489  -0.22166   0.10215  -0.08481   0.12421  -0.42892   0.15533  -0.09995   0.12893  -0.26415   0.11613  -0.00975  -0.06763  -0.23511   0.16868  -0.03555   0.04493  -0.20619   0.09098  -0.01206   0.00085  -0.80638   0.24854  -0.10462   0.07338  -0.21890   0.17716  -0.01832   0.05178  -0.37031   0.17227   0.00011   0.04838  -0.33467   0.13914   0.00540  -0.02810  -0.44122   0.19201  -0.06657   0.00449  -0.23826   0.16466  -0.02285  -0.03574  -0.22616   0.19005   0.01014  -0.11654  -0.21536   0.15835  -0.00885  -0.00162  -0.72307   0.14665  -0.12961   0.06466  -0.24631   0.17535   0.00240  -0.01908  -0.30517   0.17272  -0.07254   0.04619  -0.18233   0.08829
  -0.04542   0.01203  -0.29562   0.15731  -0.03577   0.03949  -0.59382   0.18641  -0.10912   0.07399  -0.23466   0.15726  -0.02187  -0.01840  -0.28445   0.18149  -0.03891   0.02994  -0.22911   0.11032  -0.09629   0.09206  -0.54003   0.19559  -0.11724   0.09150  -0.25572   0.15179  -0.10790  -0.01794  -0.19115   0.18277  -0.06876   0.04257  -0.19818   0.10741  -0.03336   0.00071  -0.71124   0.25508  -0.07146   0.07096  -0.22156   0.15147  -0.02128  -0.00189  -0.33792   0.20625  -0.04953   0.04249  -0.33767   0.16226  -0.03408  -0.02810  -0.47293   0.22864  -0.05927  -0.01646  -0.30190   0.18809  -0.00638  -0.09986  -0.25602   0.22999   0.03074  -0.13448  -0.23940   0.16185  -0.04387  -0.02156  -0.72331   0.17686  -0.18352   0.06209  -0.24013   0.20138  -0.03596  -0.04125  -0.33986   0.21496  -0.08928   0.05194  -0.19220   0.09496
  -0.06373   0.02215  -0.29282   0.16249  -0.06032   0.02001  -0.63340   0.21628  -0.12152   0.06137  -0.23462   0.17395  -0.05032  -0.04334  -0.29526   0.21753  -0.06595   0.03187  -0.23490   0.12283  -0.10040   0.08688  -0.57552   0.20469  -0.13196   0.04098  -0.18331   0.17104  -0.07070  -0.01532  -0.21244   0.16733  -0.09263   0.02458  -0.21446   0.13106  -0.03487  -0.00099  -0.74436   0.25984  -0.10111   0.08688  -0.29620   0.18902  -0.02522  -0.02944  -0.36911   0.23525  -0.02919   0.02892  -0.33106   0.16009   0.00282  -0.11793  -0.52106   0.23990  -0.07180  -0.02274  -0.25261   0.18791  -0.07446  -0.06362  -0.23004   0.24552  -0.00440  -0.11609  -0.23077   0.17001  -0.07215   0.00152  -0.78275   0.18862  -0.18130   0.03219  -0.19056   0.20327  -0.06424  -0.03672  -0.29974   0.21522  -0.10138   0.05388  -0.17730   0.09402
  -0.08855   0.01308  -0.29803   0.18239  -0.06718   0.01683  -0.67727   0.22593  -0.13735   0.04287  -0.20889   0.18762  -0.06906  -0.04368  -0.27988   0.22392  -0.07883   0.02633  -0.22985   0.12898  -0.11925   0.10668  -0.71116   0.21954  -0.14757   0.05073  -0.18143   0.17493  -0.02003  -0.09712  -0.19323   0.17920  -0.09271   0.07657  -0.27540   0.12450  -0.05207   0.00180  -0.91224   0.28118  -0.07970   0.06352  -0.20322   0.15766  -0.02016  -0.02029  -0.36475   0.22479  -0.06337   0.03927  -0.35372   0.17288  -0.01231  -0.01439  -0.57952   0.22269  -0.07801  -0.00500  -0.29209   0.19176  -0.02973  -0.09559  -0.25211   0.24274   0.00624  -0.09762  -0.23583   0.16091  -0.08883  -0.00306  -0.90626   0.20439  -0.18442   0.04249  -0.22672   0.21006  -0.02521  -0.02796  -0.28502   0.18716  -0.09133   0.06190  -0.19290   0.09142
  -0.10432   0.00535  -0.28557   0.19134  -0.08506   0.03083  -0.80667   0.24052  -0.13953   0.04575  -0.20551   0.18610  -0.03885  -0.04784  -0.27132   0.20669  -0.08087   0.04687  -0.25482   0.12777  -0.07759   0.07080  -0.81626   0.21480  -0.13951   0.04893  -0.32410   0.20441  -0.06023  -0.08425  -0.46904   0.25353  -0.14286   0.06455  -0.30036   0.15639  -0.03622  -0.01783  -1.12200   0.28894  -0.12375   0.06905  -0.25617   0.20676  -0.01934  -0.04619  -0.40350   0.24891  -0.10122   0.03400  -0.39322   0.19659  -0.00689  -0.06332  -0.63534   0.24369  -0.11930  -0.01630  -0.24882   0.21230  -0.01934  -0.08579  -0.34512   0.25521  -0.09864  -0.08522  -0.17403   0.17852  -0.10642   0.04099  -1.05704   0.20251  -0.22952   0.04409  -0.28547   0.24328  -0.03017  -0.03602  -0.40715   0.22485  -0.11522   0.05338  -0.23047   0.11384
  -0.10944   0.01752  -0.30397   0.19243  -0.07358   0.02392  -0.92735   0.24270  -0.17464   0.04700  -0.26649   0.22131  -0.04196  -0.05625  -0.38083   0.24043  -0.12328   0.03963  -0.27724   0.15227  -0.17054   0.10796  -0.86555   0.25717  -0.16663   0.10519  -0.32398   0.18920  -0.09663   0.02950  -0.43037   0.20188  -0.14118   0.09241  -0.34070   0.15197  -0.07797   0.06624  -1.02167   0.27196  -0.13091   0.10407  -0.28808   0.19649  -0.05981   0.05193  -0.42417   0.21769  -0.13119   0.07864  -0.35184   0.17248  -0.06437   0.02089  -0.85852   0.26957  -0.11598   0.10039  -0.29222   0.14516  -0.07387   0.05095  -0.34933   0.19499  -0.01800  -0.03309  -0.23489   0.14866  -0.13728   0.05557  -1.03152   0.21110  -0.22889   0.11283  -0.32464   0.20864  -0.12690   0.02763  -0.37490   0.22347  -0.14411   0.08977  -0.26526   0.11543
  -0.13002   0.01259  -0.35025   0.21441  -0.12887   0.06919  -0.96300   0.25671  -0.18176   0.11089  -0.29730   0.19195  -0.11586   0.02697  -0.36301   0.22512  -0.13360   0.07808  -0.30175   0.14455  -0.12969   0.17709  -0.98594   0.20478  -0.16724   0.17466  -0.26548   0.12881  -0.20836   0.03382  -0.18226   0.19117  -0.13170   0.20977  -0.33661   0.08203  -0.04785   0.08371  -1.20842   0.25124  -0.11992   0.16731  -0.23166   0.11304  -0.06372   0.13316  -0.44014   0.15143  -0.03585   0.11955  -0.34436   0.11220  -0.08607   0.06116  -0.75025   0.25800  -0.08083   0.07438  -0.20709   0.11607  -0.08989   0.02349  -0.30199   0.21553   0.07828  -0.00277  -0.19930   0.06783  -0.17528   0.07387  -1.34411   0.22634  -0.20710   0.15327  -0.28167   0.15492  -0.12620   0.07550  -0.43523   0.20496  -0.11497   0.15528  -0.26806   0.07198
  -0.16361   0.06314  -0.36619   0.20766  -0.12698   0.10469  -1.11050   0.24506  -0.16756   0.15578  -0.24258   0.13265  -0.12656   0.07292  -0.38494   0.20216  -0.09206   0.14876  -0.29850   0.08972  -0.10524   0.10202  -1.05337   0.22973  -0.10825   0.14101  -0.25949   0.11217  -0.05207  -0.02809  -0.16954   0.15044  -0.08522   0.18095  -0.32962   0.07674  -0.01804   0.05522  -1.20821   0.24641  -0.03330   0.10137  -0.20487   0.07869   0.00711   0.08409  -0.45149   0.14206   0.01848   0.10920  -0.37206   0.10361  -0.00102  -0.02417  -0.95766   0.24997  -0.03060   0.09419  -0.29880   0.08606  -0.05202  -0.00282  -0.20382   0.17794   0.03767   0.01720  -0.23478   0.09786  -0.12996   0.06459  -1.37888   0.21073  -0.15025   0.13477  -0.23160   0.12546  -0.05276   0.05882  -0.42468   0.18172  -0.08325   0.12835  -0.26305   0.07424
  -0.14478   0.12089  -0.35109   0.16209  -0.08885   0.06631  -1.19474   0.24336  -0.10051   0.12721  -0.21647   0.10249  -0.04643   0.04741  -0.37611   0.17495  -0.05982   0.12847  -0.30398   0.08966  -0.14566   0.15796  -0.99383   0.22523  -0.21388   0.19746  -0.44328   0.17398  -0.08675  -0.04184  -0.20677   0.19105  -0.19505   0.18427  -0.51162   0.15348  -0.11526   0.11493  -1.07645   0.26883  -0.09577   0.13870  -0.34555   0.15685  -0.11338   0.15617  -0.53940   0.18518  -0.15353   0.16254  -0.48759   0.15675  -0.05512   0.09730  -0.97717   0.23585  -0.06724   0.11412  -0.42338   0.12921  -0.07171   0.06005  -0.18929   0.12788  -0.10527   0.00824  -0.33661   0.19538  -0.18828   0.13868  -1.20593   0.20244  -0.21492   0.16351  -0.26466   0.14377  -0.06530   0.11688  -0.53002   0.16388  -0.15658   0.16349  -0.35594   0.10111
  -0.09183   0.09649  -0.35213   0.15001  -0.14835   0.13691  -1.08235   0.23956  -0.15912   0.15883  -0.31034   0.14448  -0.09326   0.11081  -0.45853   0.16814  -0.16826   0.15888  -0.42182   0.13897  -0.29952   0.04684  -0.95449   0.33530  -0.41286   0.14389  -0.49765   0.28670  -0.20636  -0.06108  -0.11687   0.22660  -0.43590   0.11301  -0.59531   0.25071  -0.33574  -0.11818  -1.05816   0.42927  -0.24858   0.10009  -0.31664   0.27433  -0.33867  -0.02657  -0.52622   0.39420  -0.42090   0.00773  -0.54602   0.29145  -0.26357  -0.08597  -0.67408   0.37620  -0.35184   0.11946  -0.43059   0.26233  -0.20175  -0.09328  -0.23323   0.32346  -0.34083  -0.00606  -0.44416   0.27622  -0.37523  -0.07280  -1.29623   0.32499  -0.41359   0.12865  -0.39358   0.26763  -0.31521   0.00190  -0.44225   0.30326  -0.34740   0.06535  -0.42962   0.19989
  -0.16290   0.13567  -0.46246   0.18229  -0.33206  -0.04768  -1.01130   0.36934  -0.35128   0.12342  -0.37679   0.26796  -0.31071  -0.03076  -0.40303   0.33151  -0.38993   0.05999  -0.49972   0.24358  -0.06068   0.09959  -0.92156   0.19464  -0.17890   0.13677  -0.34697   0.18101  -0.07070   0.01464  -0.29296   0.16937  -0.76342  -0.29018  -0.88601   0.38111  -0.04846   0.12707  -1.05130   0.21962  -0.18933   0.24612  -0.39335   0.13311  -0.05332   0.08717  -0.62389   0.22179  -0.58621  -0.39427  -0.86782   0.41109  -0.01591  -0.02534  -0.74421   0.24705  -0.14789   0.12654  -0.43077   0.17353   0.07079  -0.09643  -0.30332   0.17678  -0.61312  -0.41561  -0.74494   0.40383  -0.11491   0.07294  -1.23178   0.19812  -0.25900   0.26830  -0.39857   0.08603  -0.05296  -0.01833  -0.42817   0.23029  -0.54800  -0.05338  -0.61361   0.27574
  -0.37118   0.04264  -0.50010   0.29999  -0.07677   0.10055  -1.02086   0.21472  -0.21313   0.23811  -0.37441   0.11423  -0.04528   0.00588  -0.44458   0.21870  -0.61925  -0.18839  -0.73665   0.34667   0.13753   0.01674  -0.27764  -0.12229   0.06073  -0.08555   0.08730  -0.09994   0.03951   0.01064   0.04982  -0.10231  -0.09585   0.01271   0.02543   0.04085   0.18570  -0.14563  -0.20861  -0.05747   0.07828  -0.19351   0.15823  -0.19024   0.16051  -0.06460   0.01571  -0.27605   0.01830  -0.11056   0.05531   0.00615   0.17039  -0.14339  -0.08430  -0.14775   0.11973  -0.17350   0.09662  -0.13284   0.10142  -0.04280  -0.17446   0.04096   0.00582  -0.12167   0.07583  -0.00781   0.13525   0.02184  -0.27519  -0.08547   0.04055  -0.11760   0.15356  -0.12424   0.17992  -0.08963   0.04522  -0.19453  -0.12268  -0.06711   0.14924  -0.01091
  -0.35176  -0.00739  -0.60972   0.32507   0.15142  -0.04924  -0.21091  -0.09440   0.07036  -0.14847   0.15876  -0.15998   0.15411  -0.08084   0.03824  -0.18924  -0.11178  -0.07025   0.10626   0.01747  -0.44020   0.55549  -1.69296  -0.04200  -0.51645   0.48027  -1.14972   0.01452  -0.16155   0.38980  -0.88103  -0.31121  -0.59690   0.38539  -1.48118   0.15304  -0.54694   0.55514  -1.75547  -0.16514  -0.50395   0.45878  -1.39446   0.06492  -0.82038   0.49534  -1.70138  -0.13669  -0.57417   0.28492  -1.52361   0.20718  -0.57365   0.56625  -1.41377  -0.05844  -0.53741   0.45469  -1.17354  -0.06312  -0.82524   0.45993  -1.16150  -0.21933  -0.33046   0.30389  -1.13279   0.17663  -0.51107   0.54677  -2.00418  -0.08958  -0.63833   0.46135  -1.59100  -0.02505  -0.91497   0.51002  -1.94262  -0.28611  -0.61197   0.47721  -1.96395   0.00047
  -0.03453  -0.10548   0.10799   0.01215  -0.51256   0.55747  -1.77126  -0.07874  -0.60148   0.47339  -1.41939  -0.00691  -0.80967   0.48703  -1.64775  -0.23873  -0.61086   0.43906  -1.76668   0.07113   0.41752  -4.69408  -4.69408  -4.69408   0.45665  -4.69408  -4.69408  -4.69408   0.57178  -4.69408  -4.69408  -4.69408   0.57855  -4.69408  -4.69408  -4.69408   0.48865  -4.69408  -4.69408  -4.69408   0.45027  -4.69408  -4.69408  -4.69408   0.52742  -4.69408  -4.69408  -4.69408   0.73401  -4.69408  -4.69408  -4.69408   0.46591  -4.69408  -4.69408  -4.69408   0.50162  -4.69408  -4.69408  -4.69408   0.54790  -4.69408  -4.69408  -4.69408   0.66223  -4.69408  -4.69408  -4.69408   0.47355  -4.69408  -4.69408  -4.69408   0.55017  -4.69408  -4.69408  -4.69408   0.63564  -4.69408  -4.69408  -4.69408   0.67049  -4.69408  -4.69408  -4.69408
  -0.62006   0.49648  -1.65780  -0.03631   0.45498  -4.69408  -4.69408  -4.69408   0.49005  -4.69408  -4.69408  -4.69408   0.57640  -4.69408  -4.69408  -4.69408   0.65178  -4.69408  -4.69408  -4.69408  -2.27217  -1.03868   0.75800  -2.20079  -4.69408  -4.69408  -4.69408  -4.69408  -4.69408  -4.69408  -4.69408  -4.69408  -4.69408  -4.69408  -4.69408  -4.69408  -4.69408  -2.21900   0.65690  -3.84690  -4.69408  -4.69408  -4.69408  -4.69408  -4.69408  -4.69408  -4.69408  -4.69408  -4.69408  -4.69408  -4.69408  -4.69408  -4.69408  -0.47370   0.63743  -1.77223  -4.69408  -4.69408  -4.69408  -4.69408  -4.69408  -4.69408  -4.69408  -4.69408  -4.69408  -4.69408  -4.69408  -4.69408  -3.03479  -1.65289   0.80770  -3.02882  -4.69408  -4.69408  -4.69408  -4.69408  -4.69408  -4.69408  -4.69408  -4.69408  -4.69408  -4.69408  -4.69408  -4.69408
   0.53754  -4.69408  -4.69408  -4.69408  -3.18407  -1.75119   0.72535  -3.05229  -4.69408  -4.69408  -4.69408  -4.69408  -4.69408  -4.69408  -4.69408  -4.69408  -4.69408  -4.69408  -4.69408  -4.69408   0.33037  -4.69408  -4.69408  -0.18425   0.19974  -0.01905  -0.27455  -0.22720   0.06976  -0.09036   0.18034  -0.19682   0.49937  -0.32911  -0.40284  -4.69408  -4.69408  -4.69408  -4.69408  -4.69408  -4.69408  -4.69408  -4.69408  -4.69408  -4.69408  -4.69408  -4.69408  -4.69408  -4.69408  -4.69408  -4.69408  -4.69408  -4.69408  -4.69408  -4.69408  -4.69408  -4.69408  -4.69408  -4.69408  -4.69408  -4.69408  -4.69408  -4.69408  -4.69408  -4.69408  -4.69408  -4.69408  -4.69408  -4.69408  -4.69408  -4.69408  -4.69408  -4.69408  -4.69408  -4.69408  -4.69408  -4.69408  -4.69408  -4.69408  -4.69408  -4.69408  -4.69408  -4.69408  -4.69408
  -3.10383  -1.81462   0.67634  -3.06678   0.36783  -4.69408  -4.69408  -0.18777   0.23314  -0.06821  -0.31913  -0.19966   0.07438  -0.08241   0.12975  -0.16903   0.57260  -0.36306  -0.44873  -4.69408  -0.23568   0.12018  -4.69408   0.30083  -4.69408  -4.69408  -4.69408  -4.69408  -4.69408  -4.69408  -4.69408  -4.69408  -4.69408  -4.69408  -4.69408   0.45892  -0.25170  -0.47575  -0.58803   0.44042  -0.07260  -0.10636  -0.17901   0.23817  -0.34762   0.12304  -0.22901   0.24773  -0.20383  -0.28256  -0.37538   0.30968  -0.11206  -0.02390  -0.16134   0.20248  -0.08831  -0.04361  -0.09539   0.16005  -0.04291  -0.05866  -0.17686   0.20264  -0.19183  -0.04074   0.03043   0.09106  -4.69408  -0.24926  -0.19031   0.38274   0.55017  -4.69408  -4.69408  -4.69408  -4.69408  -4.69408  -4.69408   0.56832  -4.69408  -4.69408  -4.69408  -4.69408
   0.03691   0.01583   0.15013  -0.23261  -0.12408  -0.02252  -0.10323   0.17187  -0.09956  -0.01747  -0.11727   0.16712  -0.01466  -0.03227  -0.19279   0.15416  -0.20262  -0.03822   0.08000   0.06001  -0.01301   0.18840  -0.21549  -0.02124  -0.09073   0.10008   0.04016  -0.00382  -0.03633   0.11726  -0.04982  -0.07135  -0.06861   0.15693   0.06089  -0.09851   0.05361   0.07450  -0.16209  -0.02170  -0.01763   0.03635   0.00926  -0.01691  -0.00031   0.10635  -0.08293  -0.06224   0.02810   0.07310   0.05519  -0.14314  -0.01725   0.10688  -0.04013  -0.03239   0.02390  -0.01008   0.01351  -0.03140   0.01265   0.08194  -0.29252   0.06753  -0.07838   0.08226   0.09371  -0.10135  -0.14703   0.33849  -0.46720  -0.01446  -0.00961   0.02617   0.02750  -0.03975   0.00273   0.10397  -0.00764  -0.12280  -0.07988   0.13767   0.06382  -0.08572
