9 84 3 1 0  -3.701   2.586   4.345 51010
   0.10273   0.09518  -0.04513  -0.20282   0.18792  -0.11537  -0.11969  -0.19754   0.29192  -0.31062  -0.16852  -0.31665   0.28485  -0.08140  -0.22672  -0.25435   0.11429   0.00622   0.06630  -0.16086  -0.37473  -0.42687   0.58130  -0.35520  -0.25824  -0.41898   0.50862  -0.23816  -0.09097  -0.35008   0.40567  -0.21430  -0.52417  -0.31475   0.49267  -0.28634  -0.21247  -0.66375   0.49426  -0.55529  -0.17690  -0.44547   0.41762  -0.15706  -0.17178  -0.40006   0.42960  -0.38749  -0.37064  -0.54133   0.42759  -0.40965  -0.37522  -0.54330   0.49222  -0.28500  -0.25916  -0.43458   0.48637  -0.19803  -0.16079  -0.30822   0.41226  -0.28138  -0.61553  -0.48151   0.46752  -0.46570  -0.24422  -0.22706   0.51395  -0.22566  -0.32499  -0.47449   0.45701  -0.22508  -0.18183  -0.51275   0.40356  -0.23912  -0.56656  -0.33430   0.48902  -0.31089
   0.24839  -0.12882  -0.11372  -0.23596  -0.30607  -0.48604   0.54105  -0.38446  -0.24992  -0.44524   0.46804  -0.20670  -0.14422  -0.39706   0.40884  -0.25714  -0.50762  -0.38916   0.47057  -0.34012  -1.87755  -4.70766   0.76421  -4.70766  -1.11144  -4.70766   0.73884  -4.70766  -2.42807  -4.70766   0.70660  -4.70766  -1.41131  -4.70766   0.67185  -4.70766  -1.59321  -4.70766   0.65384  -4.70766  -1.44643  -4.70766   0.69050  -4.70766  -2.35572  -4.70766   0.64547  -4.70766  -1.37368  -4.70766   0.55906  -4.70766  -1.77469  -4.70766   0.66449  -4.70766  -1.39679  -4.70766   0.72234  -4.70766  -2.34047  -4.70766   0.67174  -4.70766  -1.61694  -4.70766   0.57767  -4.70766  -1.22165  -4.70766   0.80083  -4.70766  -1.50007  -4.70766   0.65266  -4.70766  -2.05828  -4.70766   0.61502  -4.70766  -1.46788  -4.70766   0.66078  -4.70766
  -0.25857  -0.45845   0.47940  -0.33548  -1.70793  -4.70766   0.72396  -4.70766  -1.25543  -4.70766   0.69828  -4.70766  -2.31815  -4.70766   0.65588  -4.70766  -1.42654  -4.70766   0.62679  -4.70766  -4.70766  -4.70766  -4.70766   0.55610  -4.70766  -4.70766  -4.70766  -4.70766  -4.70766  -1.55197  -4.70766   0.57010  -4.70766  -4.70766  -4.70766  -4.70766  -4.70766  -4.70766  -4.70766   0.59957  -4.70766  -4.70766  -4.70766  -4.70766  -4.70766  -1.68451  -4.70766   0.64341  -4.70766  -4.70766  -4.70766  -4.70766  -4.70766  -4.70766  -4.70766   0.58518  -4.70766  -4.70766  -4.70766  -4.70766  -4.70766  -1.31034  -4.70766   0.64375  -4.70766  -4.70766  -4.70766  -4.70766  -4.70766  -4.70766  -4.70766   0.47965  -4.70766  -4.70766  -4.70766  -4.70766  -4.70766  -1.62632  -4.70766   0.56568  -4.70766  -4.70766  -4.70766  -4.70766
  -1.82515  -4.70766   0.67606  -4.70766  -4.70766  -4.70766  -4.70766   0.55258  -4.70766  -4.70766  -4.70766  -4.70766  -4.70766  -1.37618  -4.70766   0.59632  -4.70766  -4.70766  -4.70766  -4.70766  -4.70766  -4.70766  -4.70766  -4.70766  -4.70766  -4.70766  -4.70766  -4.70766  -4.70766  -4.70766  -4.70766  -4.70766   0.12626  -0.14717  -0.12400   0.01763  -4.70766  -4.70766  -4.70766  -4.70766  -4.70766  -4.70766  -4.70766  -4.70766  -4.70766  -4.70766  -4.70766  -4.70766  -4.70766  -4.70766  -4.70766  -4.70766  -4.70766  -4.70766  -4.70766  -4.70766   0.40142  -0.65846  -0.32366  -0.60257  -4.70766  -4.70766  -4.70766  -4.70766   0.43959  -1.12093   0.10044  -0.77290  -4.70766  -4.70766  -4.70766  -4.70766  -4.70766  -4.70766  -4.70766  -4.70766  -4.70766  -4.70766  -4.70766  -4.70766  -4.70766  -4.70766  -4.70766  -4.70766
  -4.70766  -1.27951  -4.70766   0.53292  -4.70766  -4.70766  -4.70766  -4.70766   0.38985  -0.63202  -0.34537  -0.59552  -4.70766  -4.70766  -4.70766  -4.70766   0.42836  -1.10354   0.14992  -0.79443  -4.70766  -4.70766  -4.70766  -4.70766  -4.70766  -4.70766  -4.70766  -4.70766  -4.70766  -4.70766  -4.70766  -4.70766  -4.70766  -4.70766  -4.70766  -4.70766   0.40888  -0.52836  -0.65040  -0.63573   0.13401  -0.09164   0.01180  -0.22422   0.25982  -0.19571  -0.14983  -0.20819   0.20720  -0.21394  -0.22758   0.10209  -4.70766  -4.70766  -4.70766  -4.70766  -4.70766  -4.70766  -4.70766  -4.70766  -4.70766  -4.70766  -4.70766  -4.70766  -4.70766  -4.70766  -4.70766  -4.70766   0.33854  -0.46267  -0.26489  -0.43473   0.31739  -0.49229  -0.20950  -0.11090   0.52300  -0.56991  -0.30171  -0.84506   0.30191  -0.16181  -0.01983  -0.20982
   0.31570  -1.13079   0.19392  -0.71108   0.32083  -0.47249  -0.35025  -0.36512   0.25448  -0.44385  -0.15172  -0.11112   0.46337  -0.58063  -0.26076  -0.80883   0.28148  -0.17214  -0.05457  -0.16854  -0.52435  -0.72332   0.65290  -0.52046  -0.28416  -0.58029   0.55471  -0.32747  -0.45117  -0.67029   0.59446  -0.54514  -0.27687  -0.69741   0.51817  -0.42699  -0.57296  -0.97306   0.58146  -0.68388  -0.34905  -0.28245   0.44077  -0.12183  -0.25868  -0.29509   0.46797  -0.69672  -0.02023  -0.18438   0.29556  -0.36476  -1.04909  -1.32312   0.64173  -1.17698  -0.61794  -0.74423   0.64560  -0.68500  -0.89513  -1.19737   0.63352  -0.85044  -0.68892  -1.02130   0.52528  -0.77000  -0.51111  -0.97596   0.72637  -0.80261  -0.48887  -0.68788   0.54085  -0.44460  -0.34574  -0.58038   0.46433  -0.34213  -0.43215  -0.52857   0.52786  -0.45334
   0.39880  -0.49033  -0.30616  -0.45447  -0.61835  -0.89285   0.64764  -0.67485  -0.37582  -0.65074   0.55920  -0.40651  -0.54941  -0.76986   0.56848  -0.59471  -0.26636  -0.68753   0.48672  -0.46018  -0.25519  -0.04363  -0.05151   0.24011  -0.15201  -0.16908  -0.08389   0.23487  -0.38010  -0.34276  -0.67194   0.43343  -0.01702  -0.23534  -0.06305   0.12225  -0.14786  -0.08028   0.05539   0.14312  -0.12950  -0.00491   0.00712   0.14348  -0.34561  -0.46431  -0.63621   0.50758   0.10655  -0.19228  -0.03469   0.06161  -0.07487  -0.17836   0.05607   0.12421  -0.13275  -0.16534  -0.02363   0.21356  -0.35367  -0.45150  -0.66878   0.51302   0.08399  -0.22354  -0.05557   0.07688  -0.03591  -0.01715  -0.05308   0.06260  -0.17050   0.09375  -0.24022   0.17319  -0.26488  -0.34289  -0.57018   0.40891  -0.01558  -0.33297  -0.07162   0.13640
  -0.50497  -0.86162   0.58724  -0.62396  -0.17590  -0.07164  -0.04773   0.20007  -0.13313  -0.11623  -0.10250   0.22782  -0.36011  -0.35312  -0.69121   0.45995   0.03985  -0.26044  -0.08107   0.11393   0.00239  -0.03812  -0.05296   0.04692   0.06956  -0.00424  -0.15234  -0.00996  -0.01328  -0.11265  -0.22434   0.19216   0.27540  -0.23212  -0.15197  -0.14355   0.07045  -0.02223  -0.12442   0.01331   0.09940  -0.06166  -0.15608  -0.00421   0.01269  -0.19146  -0.15749   0.22033   0.44559  -0.25664  -0.27860  -0.16613   0.02102  -0.11303  -0.11306   0.10915   0.09590  -0.13728  -0.12391   0.05011   0.17350  -0.12226  -0.15292  -0.01422   0.18418  -0.20606  -0.04526  -0.02157   0.05411  -0.04024  -0.07898  -0.00409   0.06359  -0.02821  -0.16463   0.06170   0.12961  -0.03091  -0.19321   0.03710   0.31953  -0.23742  -0.10296  -0.14329
  -0.31988  -0.23967  -0.47971   0.36419   0.01924  -0.08844  -0.07094   0.06579   0.08445  -0.09502  -0.14933   0.04936   0.13023  -0.09372  -0.18512   0.05680   0.19740  -0.20840  -0.01380  -0.06351   0.00608  -0.02618  -0.07286   0.04580   0.01681   0.03275  -0.15276   0.03537   0.04452  -0.02047  -0.15215   0.06266   0.08787  -0.01457  -0.12361  -0.00140   0.03573  -0.06901  -0.14765   0.10061   0.09928   0.01976  -0.17901  -0.06684   0.12262  -0.09180  -0.06624  -0.03406   0.27260  -0.12069  -0.19094  -0.01381   0.01917  -0.09156  -0.21932   0.14696   0.03588   0.00510  -0.12011   0.02455   0.12504  -0.19200  -0.08672   0.07805   0.13374  -0.05960  -0.10758   0.00537  -0.07931   0.07344   0.05527   0.00307   0.02872   0.07618  -0.15370   0.00205   0.05028  -0.02577  -0.02476  -0.00035   0.02838  -0.02556   0.01498  -0.01304
