     C    S    T    P    A    G    N    D    E    Q    H    R    K    M    I    L    V    F    Y    W    *
C  115    1   -5  -31    5  -20  -18  -32  -30  -24  -13  -22  -28   -9  -11  -15    0   -8   -5  -10  -52
S    1   22   15    4   11    4    9    5    2    2   -2   -2    1  -14  -18  -21  -10  -28  -19  -33  -52
T   -5   15   25    1    6  -11    5    0   -1    0   -3   -2    1   -6   -6  -13    0  -22  -19  -35  -52
P  -31    4    1   76    3  -16   -9   -7   -5   -2  -11   -9   -6  -24  -26  -23  -18  -38  -31  -50  -52
A    5   11    6    3   24    5   -3   -3    0   -2   -8   -6   -4   -7   -8  -12    1  -23  -22  -36  -52
G  -20    4  -11  -16    5   66    4    1   -8  -10  -14  -10  -11  -35  -45  -44  -33  -52  -40  -40  -52
N  -18    9    5   -9   -3    4   38   22    9    7   12    3    8  -22  -28  -30  -22  -31  -14  -36  -52
D  -32    5    0   -7   -3    1   22   47   27    9    4   -3    5  -30  -38  -40  -29  -45  -28  -52  -52
E  -30    2   -1   -5    0   -8    9   27   36   17    4    4   12  -20  -27  -28  -19  -39  -27  -43  -52
Q  -24    2    0   -2   -2  -10    7    9   17   27   12   15   15  -10  -19  -16  -15  -26  -17  -27  -52
H  -13   -2   -3  -11   -8  -14   12    4    4   12   60    6    6  -13  -22  -19  -20   -1   22   -8  -52
R  -22   -2   -2   -9   -6  -10    3   -3    4   15    6   47   27  -17  -24  -22  -20  -32  -18  -16  -52
K  -28    1    1   -6   -4  -11    8    5   12   15    6   27   32  -14  -21  -21  -17  -33  -21  -35  -52
M   -9  -14   -6  -24   -7  -35  -22  -30  -20  -10  -13  -17  -14   43   25   28   16   16   -2  -10  -52
I  -11  -18   -6  -26   -8  -45  -28  -38  -27  -19  -22  -24  -21   25   40   28   31   10   -7  -18  -52
L  -15  -21  -13  -23  -12  -44  -30  -40  -28  -16  -19  -22  -21   28   28   40   18   20    0   -7  -52
V    0  -10    0  -18    1  -33  -22  -29  -19  -15  -20  -20  -17   16   31   18   34    1  -11  -26  -52
F   -8  -28  -22  -38  -23  -52  -31  -45  -39  -26   -1  -32  -33   16   10   20    1   70   51   36  -52
Y   -5  -19  -19  -31  -22  -40  -14  -28  -27  -17   22  -18  -21   -2   -7    0  -11   51   78   41  -52
W  -10  -33  -35  -50  -36  -40  -36  -52  -43  -27   -8  -16  -35  -10  -18   -7  -26   36   41  142  -52
*  -52  -52  -52  -52  -52  -52  -52  -52  -52  -52  -52  -52  -52  -52  -52  -52  -52  -52  -52  -52    0
